Time	Watts	AveWatts	Volts	Amps	WattHrs	AveWttHrs	Cost	Avg_Kwh	Mo_Cost	Max_Wts	Max_Vlt	Max_Amp	Min_Wts	Min_Vlt	Min_Amp	Pwr_Fct	Dty_Cyc	Pwr_Cyc	Log_Start	Log_Stop	R1	R2
42145.42356331	113.20	113.20	221.500	0.476	75.00	75.00	0.000	88.23	0.000	114.20	0.00	0.000	113.10	0.000	0.000	0.0	0.0	0.0	0.000000000000000000	0.000000000000000000	1.000000000000000000	0.000000000000000000
42145.42379473	113.50	113.35	221.600	0.467	75.70	75.35	0.000	88.17	0.000	113.50	0.00	0.000	113.00	0.000	0.000	0.0	0.0	0.0	0.000000000000000000	0.000000000000000000	0.000000000000000000	0.000000000000000000
42145.42402622	113.40	113.37	221.900	0.482	76.30	75.67	0.000	88.11	0.000	113.50	0.00	0.000	113.00	0.000	0.000	0.0	0.0	0.0	0.000000000000000000	0.000000000000000000	0.000000000000000000	0.000000000000000000
42145.42425769	113.80	113.48	222.100	0.479	76.90	75.97	0.000	88.06	0.000	113.80	0.00	0.000	113.20	0.000	0.000	0.0	0.0	0.0	0.000000000000000000	0.000000000000000000	0.000000000000000000	0.000000000000000000
42145.42448892	113.20	113.42	222.200	0.484	77.50	76.28	0.000	88.00	0.000	113.80	0.00	0.000	112.80	0.000	0.000	0.0	0.0	0.0	0.000000000000000000	0.000000000000000000	0.000000000000000000	0.000000000000000000
42145.42472054	113.50	113.43	222.700	0.471	78.20	76.60	0.000	87.94	0.000	113.80	0.00	0.000	113.20	0.000	0.000	0.0	0.0	0.0	0.000000000000000000	0.000000000000000000	0.000000000000000000	0.000000000000000000
42145.42495193	113.60	113.46	222.900	0.477	78.80	76.91	0.000	87.88	0.000	113.60	0.00	0.000	112.90	0.000	0.000	0.0	0.0	0.0	0.000000000000000000	0.000000000000000000	0.000000000000000000	0.000000000000000000
42145.42518329	113.20	113.43	222.700	0.472	79.40	77.22	0.000	87.83	0.000	113.80	0.00	0.000	113.00	0.000	0.000	0.0	0.0	0.0	0.000000000000000000	0.000000000000000000	0.000000000000000000	0.000000000000000000
42145.42541473	113.40	113.42	222.400	0.483	80.10	77.54	0.000	87.77	0.000	114.00	0.00	0.000	113.20	0.000	0.000	0.0	0.0	0.0	0.000000000000000000	0.000000000000000000	0.000000000000000000	0.000000000000000000
42145.42564608	113.30	113.41	222.600	0.455	80.70	77.86	0.000	87.72	0.000	113.70	0.00	0.000	112.80	0.000	0.000	0.0	0.0	0.0	0.000000000000000000	0.000000000000000000	0.000000000000000000	0.000000000000000000
42145.42587749	112.20	113.30	221.800	0.484	81.30	78.17	0.000	87.67	0.000	119.10	0.00	0.000	110.30	0.000	0.000	0.0	0.0	0.0	0.000000000000000000	0.000000000000000000	0.000000000000000000	0.000000000000000000
42145.42610839	112.90	113.27	221.500	0.464	81.90	78.48	0.000	87.61	0.000	113.40	0.00	0.000	112.10	0.000	0.000	0.0	0.0	0.0	0.000000000000000000	0.000000000000000000	0.000000000000000000	0.000000000000000000
42145.42634029	114.60	113.37	222.100	0.462	82.60	78.80	0.000	87.57	0.000	121.00	0.00	0.000	111.90	0.000	0.000	0.0	0.0	0.0	0.000000000000000000	0.000000000000000000	0.000000000000000000	0.000000000000000000
42145.42657161	113.80	113.40	222.100	0.487	83.20	79.11	0.000	87.52	0.000	114.60	0.00	0.000	113.60	0.000	0.000	0.0	0.0	0.0	0.000000000000000000	0.000000000000000000	0.000000000000000000	0.000000000000000000
42145.42680321	113.80	113.43	222.100	0.467	83.80	79.43	0.000	87.47	0.000	114.20	0.00	0.000	113.10	0.000	0.000	0.0	0.0	0.0	0.000000000000000000	0.000000000000000000	0.000000000000000000	0.000000000000000000
42145.42703457	113.00	113.40	222.500	0.479	84.50	79.74	0.000	87.42	0.000	113.90	0.00	0.000	113.00	0.000	0.000	0.0	0.0	0.0	0.000000000000000000	0.000000000000000000	0.000000000000000000	0.000000000000000000
42145.42726597	112.80	113.36	222.000	0.541	85.10	80.06	0.000	87.37	0.000	113.40	0.00	0.000	112.60	0.000	0.000	0.0	0.0	0.0	0.000000000000000000	0.000000000000000000	0.000000000000000000	0.000000000000000000
42145.42749748	113.40	113.37	221.800	0.481	85.70	80.37	0.000	87.33	0.000	113.40	0.00	0.000	112.80	0.000	0.000	0.0	0.0	0.0	0.000000000000000000	0.000000000000000000	0.000000000000000000	0.000000000000000000
42145.42772887	113.40	113.37	221.900	0.480	86.30	80.68	0.000	87.28	0.000	113.40	0.00	0.000	112.70	0.000	0.000	0.0	0.0	0.0	0.000000000000000000	0.000000000000000000	0.000000000000000000	0.000000000000000000
42145.42796031	113.70	113.38	221.700	0.487	87.00	81.00	0.000	87.23	0.000	113.70	0.00	0.000	113.40	0.000	0.000	0.0	0.0	0.0	0.000000000000000000	0.000000000000000000	0.000000000000000000	0.000000000000000000
42145.42819198	113.30	113.38	222.000	0.471	87.60	81.31	0.000	87.19	0.000	113.70	0.00	0.000	112.90	0.000	0.000	0.0	0.0	0.0	0.000000000000000000	0.000000000000000000	0.000000000000000000	0.000000000000000000
42145.42842331	113.60	113.39	221.700	0.487	88.20	81.63	0.000	87.15	0.000	113.80	0.00	0.000	113.30	0.000	0.000	0.0	0.0	0.0	0.000000000000000000	0.000000000000000000	0.000000000000000000	0.000000000000000000
42145.42865475	113.70	113.40	221.800	0.468	88.90	81.94	0.000	87.10	0.000	113.70	0.00	0.000	113.10	0.000	0.000	0.0	0.0	0.0	0.000000000000000000	0.000000000000000000	0.000000000000000000	0.000000000000000000
42145.42888625	112.80	113.38	221.800	0.480	89.50	82.26	0.000	87.06	0.000	113.90	0.00	0.000	112.70	0.000	0.000	0.0	0.0	0.0	0.000000000000000000	0.000000000000000000	0.000000000000000000	0.000000000000000000
42145.42911765	111.20	113.29	221.400	0.490	90.10	82.57	0.000	87.01	0.000	113.10	0.00	0.000	110.90	0.000	0.000	0.0	0.0	0.0	0.000000000000000000	0.000000000000000000	0.000000000000000000	0.000000000000000000
42145.42934917	112.20	113.25	221.900	0.466	90.70	82.88	0.000	86.96	0.000	112.20	0.00	0.000	111.20	0.000	0.000	0.0	0.0	0.0	0.000000000000000000	0.000000000000000000	0.000000000000000000	0.000000000000000000
42145.42958059	111.70	113.19	221.200	0.487	91.30	83.20	0.000	86.91	0.000	112.30	0.00	0.000	111.00	0.000	0.000	0.0	0.0	0.0	0.000000000000000000	0.000000000000000000	0.000000000000000000	0.000000000000000000
42145.42981207	112.00	113.15	221.600	0.496	92.00	83.51	0.000	86.87	0.000	113.00	0.00	0.000	111.70	0.000	0.000	0.0	0.0	0.0	0.000000000000000000	0.000000000000000000	0.000000000000000000	0.000000000000000000
42145.43004362	112.70	113.13	221.800	0.477	92.60	83.82	0.000	86.83	0.000	121.00	0.00	0.000	112.00	0.000	0.000	0.0	0.0	0.0	0.000000000000000000	0.000000000000000000	0.000000000000000000	0.000000000000000000
42145.43027513	112.80	113.12	221.800	0.485	93.20	84.14	0.000	86.78	0.000	112.90	0.00	0.000	111.90	0.000	0.000	0.0	0.0	0.0	0.000000000000000000	0.000000000000000000	0.000000000000000000	0.000000000000000000
42145.43050650	112.30	113.09	221.800	0.487	93.80	84.76	0.000	86.74	0.000	113.00	0.00	0.000	111.80	0.000	0.000	0.0	0.0	0.0	0.000000000000000000	0.000000000000000000	0.000000000000000000	0.000000000000000000
42145.43073797	111.60	113.03	221.500	0.449	94.50	85.39	0.000	86.69	0.000	112.30	0.00	0.000	111.60	0.000	0.000	0.0	0.0	0.0	0.000000000000000000	0.000000000000000000	0.000000000000000000	0.000000000000000000
42145.43096924	112.20	112.99	221.100	0.480	95.10	86.02	0.000	86.65	0.000	112.20	0.00	0.000	111.10	0.000	0.000	0.0	0.0	0.0	0.000000000000000000	0.000000000000000000	0.000000000000000000	0.000000000000000000
42145.43120067	112.30	112.94	220.600	0.482	95.70	86.64	0.000	86.61	0.000	112.30	0.00	0.000	111.80	0.000	0.000	0.0	0.0	0.0	0.000000000000000000	0.000000000000000000	0.000000000000000000	0.000000000000000000
42145.43143199	112.40	112.91	220.900	0.480	96.30	87.27	0.000	86.56	0.000	112.90	0.00	0.000	112.00	0.000	0.000	0.0	0.0	0.0	0.000000000000000000	0.000000000000000000	0.000000000000000000	0.000000000000000000
42145.43166332	111.00	112.83	221.300	0.451	96.90	87.89	0.000	86.52	0.000	112.70	0.00	0.000	111.00	0.000	0.000	0.0	0.0	0.0	0.000000000000000000	0.000000000000000000	0.000000000000000000	0.000000000000000000
42145.43189471	111.20	112.75	221.800	0.470	97.50	88.52	0.000	86.47	0.000	111.50	0.00	0.000	110.80	0.000	0.000	0.0	0.0	0.0	0.000000000000000000	0.000000000000000000	0.000000000000000000	0.000000000000000000
42145.43212622	111.70	112.70	221.900	0.462	98.20	89.14	0.000	86.43	0.000	112.10	0.00	0.000	111.20	0.000	0.000	0.0	0.0	0.0	0.000000000000000000	0.000000000000000000	0.000000000000000000	0.000000000000000000
42145.43235753	111.70	112.64	221.900	0.453	98.80	89.77	0.000	86.39	0.000	112.20	0.00	0.000	111.60	0.000	0.000	0.0	0.0	0.0	0.000000000000000000	0.000000000000000000	0.000000000000000000	0.000000000000000000
42145.43258887	111.30	112.58	222.000	0.476	99.40	90.39	0.000	86.35	0.000	111.80	0.00	0.000	111.20	0.000	0.000	0.0	0.0	0.0	0.000000000000000000	0.000000000000000000	0.000000000000000000	0.000000000000000000
42145.43282028	111.70	112.56	221.800	0.463	100.00	91.01	0.000	86.31	0.000	111.80	0.00	0.000	111.10	0.000	0.000	0.0	0.0	0.0	0.000000000000000000	0.000000000000000000	0.000000000000000000	0.000000000000000000
42145.43305161	111.70	112.52	221.900	0.441	100.60	91.64	0.000	86.27	0.000	111.90	0.00	0.000	111.60	0.000	0.000	0.0	0.0	0.0	0.000000000000000000	0.000000000000000000	0.000000000000000000	0.000000000000000000
42145.43328301	112.40	112.45	222.200	0.433	101.30	92.26	0.000	86.23	0.000	112.70	0.00	0.000	111.50	0.000	0.000	0.0	0.0	0.0	0.000000000000000000	0.000000000000000000	0.000000000000000000	0.000000000000000000
42145.43351442	112.40	112.40	222.000	0.508	101.90	92.88	0.000	86.19	0.000	112.40	0.00	0.000	111.50	0.000	0.000	0.0	0.0	0.0	0.000000000000000000	0.000000000000000000	0.000000000000000000	0.000000000000000000
42145.43374606	111.20	112.31	222.100	0.472	102.50	93.51	0.000	86.16	0.000	118.00	0.00	0.000	109.20	0.000	0.000	0.0	0.0	0.0	0.000000000000000000	0.000000000000000000	0.000000000000000000	0.000000000000000000
42145.43397749	110.90	112.24	222.200	0.467	103.10	94.13	0.000	86.12	0.000	111.60	0.00	0.000	110.80	0.000	0.000	0.0	0.0	0.0	0.000000000000000000	0.000000000000000000	0.000000000000000000	0.000000000000000000
42145.43420895	112.40	112.23	221.800	0.480	103.80	94.75	0.000	86.09	0.000	112.40	0.00	0.000	110.90	0.000	0.000	0.0	0.0	0.0	0.000000000000000000	0.000000000000000000	0.000000000000000000	0.000000000000000000
42145.43444041	111.50	112.17	221.100	0.480	104.40	95.37	0.000	86.05	0.000	112.40	0.00	0.000	111.40	0.000	0.000	0.0	0.0	0.0	0.000000000000000000	0.000000000000000000	0.000000000000000000	0.000000000000000000
42145.43467182	111.80	112.11	220.800	0.469	105.00	96.00	0.000	86.01	0.000	112.00	0.00	0.000	111.20	0.000	0.000	0.0	0.0	0.0	0.000000000000000000	0.000000000000000000	0.000000000000000000	0.000000000000000000
42145.43490319	111.30	112.03	221.600	0.453	105.60	96.62	0.000	85.97	0.000	112.40	0.00	0.000	111.30	0.000	0.000	0.0	0.0	0.0	0.000000000000000000	0.000000000000000000	0.000000000000000000	0.000000000000000000
42145.43513468	111.40	111.97	221.700	0.472	106.20	97.24	0.000	85.94	0.000	111.80	0.00	0.000	110.90	0.000	0.000	0.0	0.0	0.0	0.000000000000000000	0.000000000000000000	0.000000000000000000	0.000000000000000000
42145.43536606	110.90	111.88	221.900	0.452	106.80	97.86	0.000	85.90	0.000	111.80	0.00	0.000	110.90	0.000	0.000	0.0	0.0	0.0	0.000000000000000000	0.000000000000000000	0.000000000000000000	0.000000000000000000
42145.43559745	111.50	111.81	221.900	0.464	107.50	98.48	0.000	85.86	0.000	111.60	0.00	0.000	110.90	0.000	0.000	0.0	0.0	0.0	0.000000000000000000	0.000000000000000000	0.000000000000000000	0.000000000000000000
42145.43582877	111.30	111.76	221.900	0.471	108.10	99.10	0.000	85.83	0.000	112.00	0.00	0.000	111.30	0.000	0.000	0.0	0.0	0.0	0.000000000000000000	0.000000000000000000	0.000000000000000000	0.000000000000000000
42145.43606021	110.90	111.75	221.900	0.443	108.70	99.72	0.000	85.79	0.000	111.80	0.00	0.000	110.90	0.000	0.000	0.0	0.0	0.0	0.000000000000000000	0.000000000000000000	0.000000000000000000	0.000000000000000000
42145.43629154	111.80	111.73	221.800	0.459	109.30	100.34	0.000	85.76	0.000	112.10	0.00	0.000	110.90	0.000	0.000	0.0	0.0	0.0	0.000000000000000000	0.000000000000000000	0.000000000000000000	0.000000000000000000
42145.43652312	111.20	111.72	221.200	0.464	109.90	100.96	0.000	85.73	0.000	112.30	0.00	0.000	111.20	0.000	0.000	0.0	0.0	0.0	0.000000000000000000	0.000000000000000000	0.000000000000000000	0.000000000000000000
42145.43675436	112.00	111.72	221.100	0.456	110.60	101.58	0.000	85.70	0.000	112.70	0.00	0.000	111.20	0.000	0.000	0.0	0.0	0.0	0.000000000000000000	0.000000000000000000	0.000000000000000000	0.000000000000000000
42145.43698593	112.30	111.70	220.800	0.474	111.20	102.20	0.000	85.67	0.000	112.40	0.00	0.000	111.80	0.000	0.000	0.0	0.0	0.0	0.000000000000000000	0.000000000000000000	0.000000000000000000	0.000000000000000000
42145.44117561	111.50	111.50	220.500	0.466	122.40	122.40	0.000	85.17	0.000	111.70	0.00	0.000	111.20	0.000	0.000	0.0	0.0	0.0	0.000000000000000000	0.000000000000000000	1.000000000000000000	0.000000000000000000
42145.44140701	111.30	111.40	220.400	0.445	123.00	122.70	0.000	85.14	0.000	111.70	0.00	0.000	111.00	0.000	0.000	0.0	0.0	0.0	0.000000000000000000	0.000000000000000000	0.000000000000000000	0.000000000000000000
42145.44163865	111.50	111.43	220.600	0.465	123.70	123.03	0.000	85.11	0.000	111.70	0.00	0.000	110.50	0.000	0.000	0.0	0.0	0.0	0.000000000000000000	0.000000000000000000	0.000000000000000000	0.000000000000000000
42145.44187003	111.80	111.53	220.800	0.479	124.30	123.35	0.000	85.08	0.000	111.80	0.00	0.000	111.00	0.000	0.000	0.0	0.0	0.0	0.000000000000000000	0.000000000000000000	0.000000000000000000	0.000000000000000000
42145.44210133	113.20	111.86	221.100	0.468	124.90	123.66	0.000	85.06	0.000	113.20	0.00	0.000	111.80	0.000	0.000	0.0	0.0	0.0	0.000000000000000000	0.000000000000000000	0.000000000000000000	0.000000000000000000
42145.44233282	111.50	111.80	219.900	0.455	125.50	123.97	0.000	85.04	0.000	113.20	0.00	0.000	111.30	0.000	0.000	0.0	0.0	0.0	0.000000000000000000	0.000000000000000000	0.000000000000000000	0.000000000000000000
42145.44256414	112.00	111.83	220.300	0.457	126.10	124.27	0.000	85.01	0.000	112.30	0.00	0.000	111.00	0.000	0.000	0.0	0.0	0.0	0.000000000000000000	0.000000000000000000	0.000000000000000000	0.000000000000000000
42145.44279557	112.10	111.86	221.100	0.476	126.80	124.59	0.000	84.99	0.000	112.30	0.00	0.000	111.40	0.000	0.000	0.0	0.0	0.0	0.000000000000000000	0.000000000000000000	0.000000000000000000	0.000000000000000000
42145.44302698	112.40	111.92	221.400	0.485	127.40	124.90	0.000	84.97	0.000	112.70	0.00	0.000	111.60	0.000	0.000	0.0	0.0	0.0	0.000000000000000000	0.000000000000000000	0.000000000000000000	0.000000000000000000
42145.44325839	111.70	111.90	221.300	0.457	128.00	125.21	0.000	84.94	0.000	112.90	0.00	0.000	111.60	0.000	0.000	0.0	0.0	0.0	0.000000000000000000	0.000000000000000000	0.000000000000000000	0.000000000000000000
42145.44348966	110.60	111.78	221.500	0.479	128.60	125.52	0.000	84.92	0.000	112.00	0.00	0.000	110.50	0.000	0.000	0.0	0.0	0.0	0.000000000000000000	0.000000000000000000	0.000000000000000000	0.000000000000000000
42145.44372112	112.80	111.87	221.700	0.458	129.20	125.83	0.000	84.89	0.000	112.80	0.00	0.000	110.60	0.000	0.000	0.0	0.0	0.0	0.000000000000000000	0.000000000000000000	0.000000000000000000	0.000000000000000000
42145.44395236	111.90	111.87	221.700	0.438	129.90	126.14	0.000	84.87	0.000	112.80	0.00	0.000	111.70	0.000	0.000	0.0	0.0	0.0	0.000000000000000000	0.000000000000000000	0.000000000000000000	0.000000000000000000
42145.44418382	110.60	111.78	221.500	0.466	130.50	126.45	0.000	84.85	0.000	119.90	0.00	0.000	110.60	0.000	0.000	0.0	0.0	0.0	0.000000000000000000	0.000000000000000000	0.000000000000000000	0.000000000000000000
42145.44441512	110.30	111.68	221.300	0.482	131.10	126.76	0.000	84.82	0.000	110.70	0.00	0.000	109.70	0.000	0.000	0.0	0.0	0.0	0.000000000000000000	0.000000000000000000	0.000000000000000000	0.000000000000000000
42145.44464652	110.90	111.63	220.800	0.475	131.70	127.07	0.000	84.80	0.000	111.00	0.00	0.000	110.30	0.000	0.000	0.0	0.0	0.0	0.000000000000000000	0.000000000000000000	0.000000000000000000	0.000000000000000000
42145.44487795	111.60	111.63	220.900	0.474	132.30	127.38	0.000	84.77	0.000	112.10	0.00	0.000	110.90	0.000	0.000	0.0	0.0	0.0	0.000000000000000000	0.000000000000000000	0.000000000000000000	0.000000000000000000
42145.44510919	112.00	111.65	220.600	0.470	133.00	127.69	0.000	84.75	0.000	112.50	0.00	0.000	111.40	0.000	0.000	0.0	0.0	0.0	0.000000000000000000	0.000000000000000000	0.000000000000000000	0.000000000000000000
42145.44534068	112.00	111.67	221.700	0.451	133.60	128.00	0.000	84.73	0.000	112.10	0.00	0.000	111.00	0.000	0.000	0.0	0.0	0.0	0.000000000000000000	0.000000000000000000	0.000000000000000000	0.000000000000000000
42145.44557204	110.90	111.63	221.900	0.457	134.20	128.31	0.000	84.71	0.000	112.80	0.00	0.000	110.90	0.000	0.000	0.0	0.0	0.0	0.000000000000000000	0.000000000000000000	0.000000000000000000	0.000000000000000000
42145.44580343	111.30	111.61	221.600	0.472	134.80	128.62	0.000	84.68	0.000	111.70	0.00	0.000	110.10	0.000	0.000	0.0	0.0	0.0	0.000000000000000000	0.000000000000000000	0.000000000000000000	0.000000000000000000
42145.44603484	111.30	111.60	221.600	0.459	135.40	128.93	0.000	84.66	0.000	112.30	0.00	0.000	111.20	0.000	0.000	0.0	0.0	0.0	0.000000000000000000	0.000000000000000000	0.000000000000000000	0.000000000000000000
42145.44626612	112.20	111.63	221.400	0.477	136.00	129.23	0.000	84.64	0.000	112.20	0.00	0.000	111.10	0.000	0.000	0.0	0.0	0.0	0.000000000000000000	0.000000000000000000	0.000000000000000000	0.000000000000000000
42145.44649751	111.00	111.60	221.700	0.457	136.70	129.55	0.000	84.62	0.000	112.20	0.00	0.000	111.00	0.000	0.000	0.0	0.0	0.0	0.000000000000000000	0.000000000000000000	0.000000000000000000	0.000000000000000000
42145.44672891	111.90	111.61	221.100	0.471	137.30	129.86	0.000	84.60	0.000	112.50	0.00	0.000	111.00	0.000	0.000	0.0	0.0	0.0	0.000000000000000000	0.000000000000000000	0.000000000000000000	0.000000000000000000
42145.44696013	110.90	111.58	221.400	0.450	137.90	130.17	0.000	84.58	0.000	112.20	0.00	0.000	110.90	0.000	0.000	0.0	0.0	0.0	0.000000000000000000	0.000000000000000000	0.000000000000000000	0.000000000000000000
42145.44719155	112.00	111.60	221.500	0.484	138.50	130.47	0.000	84.56	0.000	112.40	0.00	0.000	110.90	0.000	0.000	0.0	0.0	0.0	0.000000000000000000	0.000000000000000000	0.000000000000000000	0.000000000000000000
42145.44742303	111.10	111.58	221.700	0.467	139.10	130.78	0.000	84.53	0.000	112.20	0.00	0.000	110.90	0.000	0.000	0.0	0.0	0.0	0.000000000000000000	0.000000000000000000	0.000000000000000000	0.000000000000000000
42145.44765433	113.30	111.64	221.700	0.453	139.80	131.09	0.000	84.52	0.000	117.00	0.00	0.000	111.10	0.000	0.000	0.0	0.0	0.0	0.000000000000000000	0.000000000000000000	0.000000000000000000	0.000000000000000000
42145.44788569	111.80	111.65	221.300	0.453	140.40	131.40	0.000	84.50	0.000	121.60	0.00	0.000	111.80	0.000	0.000	0.0	0.0	0.0	0.000000000000000000	0.000000000000000000	0.000000000000000000	0.000000000000000000
42145.44811705	110.80	111.62	220.900	0.467	141.00	132.02	0.000	84.48	0.000	117.20	0.00	0.000	110.00	0.000	0.000	0.0	0.0	0.0	0.000000000000000000	0.000000000000000000	0.000000000000000000	0.000000000000000000
42145.44834867	111.90	111.64	221.600	0.485	141.60	132.64	0.000	84.46	0.000	111.90	0.00	0.000	110.60	0.000	0.000	0.0	0.0	0.0	0.000000000000000000	0.000000000000000000	0.000000000000000000	0.000000000000000000
42145.44857999	111.40	111.64	221.400	0.459	142.20	133.26	0.000	84.44	0.000	112.20	0.00	0.000	111.40	0.000	0.000	0.0	0.0	0.0	0.000000000000000000	0.000000000000000000	0.000000000000000000	0.000000000000000000
42145.44881147	111.10	111.62	220.800	0.436	142.80	133.88	0.000	84.42	0.000	111.50	0.00	0.000	110.90	0.000	0.000	0.0	0.0	0.0	0.000000000000000000	0.000000000000000000	0.000000000000000000	0.000000000000000000
42145.44904301	111.20	111.55	220.600	0.472	143.50	134.50	0.000	84.41	0.000	127.10	0.00	0.000	110.90	0.000	0.000	0.0	0.0	0.0	0.000000000000000000	0.000000000000000000	0.000000000000000000	0.000000000000000000
42145.44927454	111.60	111.55	221.100	0.484	144.10	135.12	0.000	84.39	0.000	111.80	0.00	0.000	110.70	0.000	0.000	0.0	0.0	0.0	0.000000000000000000	0.000000000000000000	0.000000000000000000	0.000000000000000000
42145.44950606	112.20	111.56	221.200	0.461	144.70	135.74	0.000	84.37	0.000	112.20	0.00	0.000	111.10	0.000	0.000	0.0	0.0	0.0	0.000000000000000000	0.000000000000000000	0.000000000000000000	0.000000000000000000
42145.44973760	111.30	111.53	220.900	0.440	145.30	136.35	0.000	84.35	0.000	112.40	0.00	0.000	111.30	0.000	0.000	0.0	0.0	0.0	0.000000000000000000	0.000000000000000000	0.000000000000000000	0.000000000000000000
42145.44996904	110.60	111.47	220.800	0.478	145.90	136.97	0.000	84.33	0.000	111.50	0.00	0.000	110.60	0.000	0.000	0.0	0.0	0.0	0.000000000000000000	0.000000000000000000	0.000000000000000000	0.000000000000000000
42145.45020061	111.30	111.46	221.600	0.442	146.60	137.59	0.000	84.31	0.000	111.60	0.00	0.000	110.60	0.000	0.000	0.0	0.0	0.0	0.000000000000000000	0.000000000000000000	0.000000000000000000	0.000000000000000000
42145.45043200	112.00	111.51	221.500	0.464	147.20	138.21	0.000	84.29	0.000	112.40	0.00	0.000	111.30	0.000	0.000	0.0	0.0	0.0	0.000000000000000000	0.000000000000000000	0.000000000000000000	0.000000000000000000
42145.45066354	112.30	111.49	221.000	0.484	147.80	138.83	0.000	84.28	0.000	112.40	0.00	0.000	111.50	0.000	0.000	0.0	0.0	0.0	0.000000000000000000	0.000000000000000000	0.000000000000000000	0.000000000000000000
42145.45089488	111.60	111.48	221.200	0.478	148.40	139.45	0.000	84.26	0.000	112.40	0.00	0.000	111.30	0.000	0.000	0.0	0.0	0.0	0.000000000000000000	0.000000000000000000	0.000000000000000000	0.000000000000000000
42145.45112634	111.90	111.52	221.400	0.446	149.10	140.07	0.000	84.25	0.000	124.90	0.00	0.000	111.60	0.000	0.000	0.0	0.0	0.0	0.000000000000000000	0.000000000000000000	0.000000000000000000	0.000000000000000000
42145.45135760	112.00	111.58	221.000	0.472	149.70	140.69	0.000	84.23	0.000	118.10	0.00	0.000	111.30	0.000	0.000	0.0	0.0	0.0	0.000000000000000000	0.000000000000000000	0.000000000000000000	0.000000000000000000
42145.45158912	112.10	111.62	221.200	0.469	150.30	141.31	0.000	84.21	0.000	112.40	0.00	0.000	111.50	0.000	0.000	0.0	0.0	0.0	0.000000000000000000	0.000000000000000000	0.000000000000000000	0.000000000000000000
42145.45182007	111.60	111.62	220.400	0.448	150.90	141.93	0.000	84.19	0.000	112.80	0.00	0.000	111.40	0.000	0.000	0.0	0.0	0.0	0.000000000000000000	0.000000000000000000	0.000000000000000000	0.000000000000000000
42145.45205194	111.80	111.61	220.900	0.487	151.50	142.54	0.000	84.18	0.000	111.80	0.00	0.000	111.10	0.000	0.000	0.0	0.0	0.0	0.000000000000000000	0.000000000000000000	0.000000000000000000	0.000000000000000000
42145.45228336	111.60	111.60	220.700	0.462	152.10	143.16	0.000	84.16	0.000	112.20	0.00	0.000	111.60	0.000	0.000	0.0	0.0	0.0	0.000000000000000000	0.000000000000000000	0.000000000000000000	0.000000000000000000
42145.45251487	111.80	111.63	221.100	0.458	152.80	143.78	0.000	84.14	0.000	112.50	0.00	0.000	111.30	0.000	0.000	0.0	0.0	0.0	0.000000000000000000	0.000000000000000000	0.000000000000000000	0.000000000000000000
42145.45274635	112.00	111.65	221.100	0.456	153.40	144.40	0.000	84.13	0.000	112.00	0.00	0.000	111.40	0.000	0.000	0.0	0.0	0.0	0.000000000000000000	0.000000000000000000	0.000000000000000000	0.000000000000000000
42145.45297803	112.60	111.70	221.200	0.495	154.00	145.02	0.000	84.11	0.000	112.60	0.00	0.000	111.10	0.000	0.000	0.0	0.0	0.0	0.000000000000000000	0.000000000000000000	0.000000000000000000	0.000000000000000000
42145.45320928	111.80	111.68	221.400	0.465	154.60	145.64	0.000	84.10	0.000	112.70	0.00	0.000	111.70	0.000	0.000	0.0	0.0	0.0	0.000000000000000000	0.000000000000000000	0.000000000000000000	0.000000000000000000
42145.45344082	112.10	111.72	221.500	0.466	155.30	146.26	0.000	84.08	0.000	113.10	0.00	0.000	111.80	0.000	0.000	0.0	0.0	0.0	0.000000000000000000	0.000000000000000000	0.000000000000000000	0.000000000000000000
42145.45367230	111.90	111.72	221.400	0.484	155.90	146.88	0.000	84.07	0.000	112.40	0.00	0.000	111.80	0.000	0.000	0.0	0.0	0.0	0.000000000000000000	0.000000000000000000	0.000000000000000000	0.000000000000000000
42145.45390368	111.20	111.73	221.600	0.464	156.50	147.50	0.000	84.05	0.000	111.90	0.00	0.000	111.20	0.000	0.000	0.0	0.0	0.0	0.000000000000000000	0.000000000000000000	0.000000000000000000	0.000000000000000000
42145.45413517	111.00	111.70	221.600	0.461	157.10	148.12	0.000	84.03	0.000	111.70	0.00	0.000	111.00	0.000	0.000	0.0	0.0	0.0	0.000000000000000000	0.000000000000000000	0.000000000000000000	0.000000000000000000
42145.45436670	111.40	111.71	222.000	0.481	157.70	148.74	0.000	84.02	0.000	111.70	0.00	0.000	110.50	0.000	0.000	0.0	0.0	0.0	0.000000000000000000	0.000000000000000000	0.000000000000000000	0.000000000000000000
42145.45459815	111.20	111.64	221.700	0.473	158.40	149.36	0.000	84.00	0.000	112.50	0.00	0.000	111.20	0.000	0.000	0.0	0.0	0.0	0.000000000000000000	0.000000000000000000	0.000000000000000000	0.000000000000000000
42145.45482954	112.80	111.67	221.600	0.464	159.00	149.98	0.000	83.99	0.000	112.80	0.00	0.000	110.60	0.000	0.000	0.0	0.0	0.0	0.000000000000000000	0.000000000000000000	0.000000000000000000	0.000000000000000000