Time	Watts	AveWatts	Volts	Amps	WattHrs	AveWttHrs	Cost	Avg_Kwh	Mo_Cost	Max_Wts	Max_Vlt	Max_Amp	Min_Wts	Min_Vlt	Min_Amp	Pwr_Fct	Dty_Cyc	Pwr_Cyc	Log_Start	Log_Stop	R1	R2
42131.39741068	107.00	107.00	227.100	0.400	14425.10	14425.10	0.000	74.43	0.000	108.90	0.00	0.000	106.80	0.000	0.000	0.0	0.0	0.0	0.000000000000000000	0.000000000000000000	1.000000000000000000	0.000000000000000000
42131.39764215	106.40	106.70	227.400	0.389	14425.70	14425.40	0.000	74.43	0.000	107.00	0.00	0.000	106.30	0.000	0.000	0.0	0.0	0.0	0.000000000000000000	0.000000000000000000	0.000000000000000000	0.000000000000000000
42131.39787351	104.40	105.93	227.500	0.379	14426.20	14425.67	0.000	74.43	0.000	106.40	0.00	0.000	104.20	0.000	0.000	0.0	0.0	0.0	0.000000000000000000	0.000000000000000000	0.000000000000000000	0.000000000000000000
42131.39810512	110.20	107.00	226.500	0.401	14426.80	14425.95	0.000	74.43	0.000	110.80	0.00	0.000	104.10	0.000	0.000	0.0	0.0	0.0	0.000000000000000000	0.000000000000000000	0.000000000000000000	0.000000000000000000
42131.39833662	105.00	106.60	226.500	0.386	14427.40	14426.24	0.000	74.43	0.000	110.40	0.00	0.000	103.60	0.000	0.000	0.0	0.0	0.0	0.000000000000000000	0.000000000000000000	0.000000000000000000	0.000000000000000000
42131.39856797	104.80	106.30	226.800	0.401	14428.00	14426.53	0.000	74.43	0.000	105.00	0.00	0.000	104.30	0.000	0.000	0.0	0.0	0.0	0.000000000000000000	0.000000000000000000	0.000000000000000000	0.000000000000000000
42131.39879959	104.30	106.01	226.200	0.401	14428.50	14426.81	0.000	74.43	0.000	110.10	0.00	0.000	103.70	0.000	0.000	0.0	0.0	0.0	0.000000000000000000	0.000000000000000000	0.000000000000000000	0.000000000000000000
42131.39903060	104.90	105.87	226.500	0.393	14429.10	14427.10	0.000	74.43	0.000	105.20	0.00	0.000	104.20	0.000	0.000	0.0	0.0	0.0	0.000000000000000000	0.000000000000000000	0.000000000000000000	0.000000000000000000
42131.39926208	104.90	105.77	226.100	0.409	14429.70	14427.39	0.000	74.43	0.000	122.00	0.00	0.000	104.50	0.000	0.000	0.0	0.0	0.0	0.000000000000000000	0.000000000000000000	0.000000000000000000	0.000000000000000000
42131.39949360	104.20	105.61	225.600	0.393	14430.30	14427.68	0.000	74.43	0.000	104.90	0.00	0.000	103.90	0.000	0.000	0.0	0.0	0.0	0.000000000000000000	0.000000000000000000	0.000000000000000000	0.000000000000000000
42131.39972520	104.20	105.48	227.000	0.379	14430.90	14427.97	0.000	74.43	0.000	109.80	0.00	0.000	104.10	0.000	0.000	0.0	0.0	0.0	0.000000000000000000	0.000000000000000000	0.000000000000000000	0.000000000000000000
42131.39995711	104.40	105.39	227.200	0.380	14431.40	14428.26	0.000	74.43	0.000	104.40	0.00	0.000	103.90	0.000	0.000	0.0	0.0	0.0	0.000000000000000000	0.000000000000000000	0.000000000000000000	0.000000000000000000
42131.40018852	104.80	105.35	227.200	0.463	14432.00	14428.55	0.000	74.43	0.000	104.80	0.00	0.000	103.80	0.000	0.000	0.0	0.0	0.0	0.000000000000000000	0.000000000000000000	0.000000000000000000	0.000000000000000000
42131.40041990	104.50	105.29	226.500	0.401	14432.60	14428.84	0.000	74.43	0.000	110.00	0.00	0.000	103.50	0.000	0.000	0.0	0.0	0.0	0.000000000000000000	0.000000000000000000	0.000000000000000000	0.000000000000000000
42131.40065137	103.80	105.19	225.400	0.397	14433.20	14429.13	0.000	74.43	0.000	104.50	0.00	0.000	103.50	0.000	0.000	0.0	0.0	0.0	0.000000000000000000	0.000000000000000000	0.000000000000000000	0.000000000000000000
42131.40088280	104.00	105.11	225.900	0.392	14433.80	14429.42	0.000	74.43	0.000	104.40	0.00	0.000	103.80	0.000	0.000	0.0	0.0	0.0	0.000000000000000000	0.000000000000000000	0.000000000000000000	0.000000000000000000
42131.40111422	104.40	105.07	225.600	0.387	14434.30	14429.71	0.000	74.43	0.000	104.70	0.00	0.000	103.80	0.000	0.000	0.0	0.0	0.0	0.000000000000000000	0.000000000000000000	0.000000000000000000	0.000000000000000000
42131.40134561	103.80	105.00	225.700	0.403	14434.90	14429.99	0.000	74.43	0.000	109.70	0.00	0.000	103.30	0.000	0.000	0.0	0.0	0.0	0.000000000000000000	0.000000000000000000	0.000000000000000000	0.000000000000000000
42131.40157711	104.40	104.97	225.400	0.412	14435.50	14430.28	0.000	74.43	0.000	104.60	0.00	0.000	103.80	0.000	0.000	0.0	0.0	0.0	0.000000000000000000	0.000000000000000000	0.000000000000000000	0.000000000000000000
42131.40180846	105.10	104.97	225.600	0.385	14436.10	14430.57	0.000	74.43	0.000	105.10	0.00	0.000	104.00	0.000	0.000	0.0	0.0	0.0	0.000000000000000000	0.000000000000000000	0.000000000000000000	0.000000000000000000
42131.40203987	104.10	104.93	224.900	0.394	14436.70	14430.87	0.000	74.43	0.000	105.10	0.00	0.000	104.10	0.000	0.000	0.0	0.0	0.0	0.000000000000000000	0.000000000000000000	0.000000000000000000	0.000000000000000000
42131.40227110	104.50	104.91	224.700	0.391	14437.20	14431.15	0.000	74.43	0.000	104.60	0.00	0.000	104.00	0.000	0.000	0.0	0.0	0.0	0.000000000000000000	0.000000000000000000	0.000000000000000000	0.000000000000000000
42131.40250238	104.40	104.89	224.700	0.391	14437.80	14431.44	0.000	74.43	0.000	110.60	0.00	0.000	103.10	0.000	0.000	0.0	0.0	0.0	0.000000000000000000	0.000000000000000000	0.000000000000000000	0.000000000000000000
42131.40273369	103.80	104.85	224.600	0.387	14438.40	14431.73	0.000	74.43	0.000	104.50	0.00	0.000	103.70	0.000	0.000	0.0	0.0	0.0	0.000000000000000000	0.000000000000000000	0.000000000000000000	0.000000000000000000
42131.40296520	104.40	104.83	224.700	0.400	14439.00	14432.02	0.000	74.43	0.000	117.20	0.00	0.000	103.10	0.000	0.000	0.0	0.0	0.0	0.000000000000000000	0.000000000000000000	0.000000000000000000	0.000000000000000000
42131.40319642	104.40	104.81	224.900	0.391	14439.60	14432.32	0.000	74.43	0.000	121.00	0.00	0.000	103.80	0.000	0.000	0.0	0.0	0.0	0.000000000000000000	0.000000000000000000	0.000000000000000000	0.000000000000000000
42131.40342778	104.00	104.78	224.500	0.397	14440.10	14432.60	0.000	74.43	0.000	109.80	0.00	0.000	103.90	0.000	0.000	0.0	0.0	0.0	0.000000000000000000	0.000000000000000000	0.000000000000000000	0.000000000000000000
42131.40365884	104.10	104.76	224.500	0.394	14440.70	14432.89	0.000	74.43	0.000	104.40	0.00	0.000	103.80	0.000	0.000	0.0	0.0	0.0	0.000000000000000000	0.000000000000000000	0.000000000000000000	0.000000000000000000
42131.40389060	103.80	104.72	225.100	0.389	14441.30	14433.18	0.000	74.43	0.000	110.00	0.00	0.000	103.70	0.000	0.000	0.0	0.0	0.0	0.000000000000000000	0.000000000000000000	0.000000000000000000	0.000000000000000000
42131.40412199	103.50	104.68	225.200	0.390	14441.90	14433.47	0.000	74.43	0.000	104.00	0.00	0.000	103.40	0.000	0.000	0.0	0.0	0.0	0.000000000000000000	0.000000000000000000	0.000000000000000000	0.000000000000000000
42131.40435337	104.60	104.60	225.300	0.404	14442.40	14434.05	0.000	74.43	0.000	104.80	0.00	0.000	103.40	0.000	0.000	0.0	0.0	0.0	0.000000000000000000	0.000000000000000000	0.000000000000000000	0.000000000000000000
42131.40458478	105.70	104.58	225.600	0.389	14443.00	14434.63	0.000	74.43	0.000	110.00	0.00	0.000	104.10	0.000	0.000	0.0	0.0	0.0	0.000000000000000000	0.000000000000000000	0.000000000000000000	0.000000000000000000
42131.40481561	104.80	104.59	225.200	0.407	14443.60	14435.21	0.000	74.43	0.000	106.10	0.00	0.000	104.60	0.000	0.000	0.0	0.0	0.0	0.000000000000000000	0.000000000000000000	0.000000000000000000	0.000000000000000000
42131.40504735	104.10	104.39	225.000	0.392	14444.20	14435.79	0.000	74.43	0.000	104.90	0.00	0.000	104.00	0.000	0.000	0.0	0.0	0.0	0.000000000000000000	0.000000000000000000	0.000000000000000000	0.000000000000000000
42131.40527836	111.60	104.61	224.200	0.400	14444.80	14436.37	0.000	74.43	0.000	111.60	0.00	0.000	103.90	0.000	0.000	0.0	0.0	0.0	0.000000000000000000	0.000000000000000000	0.000000000000000000	0.000000000000000000
42131.40550975	104.80	104.61	224.900	0.396	14445.30	14436.94	0.000	74.43	0.000	111.60	0.00	0.000	104.00	0.000	0.000	0.0	0.0	0.0	0.000000000000000000	0.000000000000000000	0.000000000000000000	0.000000000000000000
42131.40574142	104.30	104.61	225.100	0.402	14445.90	14437.52	0.000	74.43	0.000	104.80	0.00	0.000	103.90	0.000	0.000	0.0	0.0	0.0	0.000000000000000000	0.000000000000000000	0.000000000000000000	0.000000000000000000
42131.40597284	103.70	104.57	225.000	0.391	14446.50	14438.10	0.000	74.43	0.000	110.30	0.00	0.000	103.70	0.000	0.000	0.0	0.0	0.0	0.000000000000000000	0.000000000000000000	0.000000000000000000	0.000000000000000000
42131.40620418	104.30	104.55	225.600	0.388	14447.10	14438.68	0.000	74.43	0.000	104.30	0.00	0.000	103.60	0.000	0.000	0.0	0.0	0.0	0.000000000000000000	0.000000000000000000	0.000000000000000000	0.000000000000000000
42131.40643550	104.30	104.55	226.000	0.405	14447.60	14439.26	0.000	74.43	0.000	118.90	0.00	0.000	104.00	0.000	0.000	0.0	0.0	0.0	0.000000000000000000	0.000000000000000000	0.000000000000000000	0.000000000000000000
42131.40666698	104.40	104.56	225.800	0.388	14448.20	14439.84	0.000	74.43	0.000	110.10	0.00	0.000	104.20	0.000	0.000	0.0	0.0	0.0	0.000000000000000000	0.000000000000000000	0.000000000000000000	0.000000000000000000
42131.40689818	104.30	104.56	225.300	0.388	14448.80	14440.42	0.000	74.43	0.000	104.40	0.00	0.000	104.00	0.000	0.000	0.0	0.0	0.0	0.000000000000000000	0.000000000000000000	0.000000000000000000	0.000000000000000000
42131.40712957	104.30	104.54	224.700	0.405	14449.40	14441.00	0.000	74.43	0.000	104.70	0.00	0.000	104.20	0.000	0.000	0.0	0.0	0.0	0.000000000000000000	0.000000000000000000	0.000000000000000000	0.000000000000000000
42131.40736094	104.70	104.55	224.900	0.392	14450.00	14441.58	0.000	74.43	0.000	104.70	0.00	0.000	103.80	0.000	0.000	0.0	0.0	0.0	0.000000000000000000	0.000000000000000000	0.000000000000000000	0.000000000000000000
42131.40759236	108.90	104.72	225.300	0.402	14450.50	14442.15	0.000	74.43	0.000	109.20	0.00	0.000	104.10	0.000	0.000	0.0	0.0	0.0	0.000000000000000000	0.000000000000000000	0.000000000000000000	0.000000000000000000
42131.40782380	104.40	104.73	225.300	0.405	14451.10	14442.73	0.000	74.43	0.000	108.90	0.00	0.000	104.40	0.000	0.000	0.0	0.0	0.0	0.000000000000000000	0.000000000000000000	0.000000000000000000	0.000000000000000000
42131.40805522	104.60	104.74	224.600	0.391	14451.70	14443.31	0.000	74.43	0.000	104.60	0.00	0.000	103.90	0.000	0.000	0.0	0.0	0.0	0.000000000000000000	0.000000000000000000	0.000000000000000000	0.000000000000000000
42131.40828652	104.00	104.74	224.800	0.387	14452.30	14443.89	0.000	74.43	0.000	104.60	0.00	0.000	104.00	0.000	0.000	0.0	0.0	0.0	0.000000000000000000	0.000000000000000000	0.000000000000000000	0.000000000000000000
42131.40851789	103.70	104.72	224.600	0.416	14452.90	14444.47	0.000	74.43	0.000	109.70	0.00	0.000	103.50	0.000	0.000	0.0	0.0	0.0	0.000000000000000000	0.000000000000000000	0.000000000000000000	0.000000000000000000
42131.40874926	113.00	104.98	223.900	0.400	14453.40	14445.05	0.000	74.43	0.000	113.00	0.00	0.000	103.60	0.000	0.000	0.0	0.0	0.0	0.000000000000000000	0.000000000000000000	0.000000000000000000	0.000000000000000000
42131.40898064	104.40	104.99	223.600	0.397	14454.00	14445.62	0.000	74.43	0.000	113.00	0.00	0.000	104.10	0.000	0.000	0.0	0.0	0.0	0.000000000000000000	0.000000000000000000	0.000000000000000000	0.000000000000000000
42131.40921198	104.10	104.98	223.800	0.425	14454.60	14446.20	0.000	74.43	0.000	104.40	0.00	0.000	103.90	0.000	0.000	0.0	0.0	0.0	0.000000000000000000	0.000000000000000000	0.000000000000000000	0.000000000000000000
42131.40944340	105.00	105.00	225.300	0.385	14455.20	14446.78	0.000	74.43	0.000	105.00	0.00	0.000	104.00	0.000	0.000	0.0	0.0	0.0	0.000000000000000000	0.000000000000000000	0.000000000000000000	0.000000000000000000
42131.40967475	104.10	105.01	224.900	0.416	14455.70	14447.36	0.000	74.43	0.000	105.00	0.00	0.000	103.80	0.000	0.000	0.0	0.0	0.0	0.000000000000000000	0.000000000000000000	0.000000000000000000	0.000000000000000000
42131.40990611	104.00	105.00	225.300	0.413	14456.30	14447.94	0.000	74.43	0.000	118.20	0.00	0.000	103.40	0.000	0.000	0.0	0.0	0.0	0.000000000000000000	0.000000000000000000	0.000000000000000000	0.000000000000000000
42131.41013748	104.00	104.98	225.300	0.418	14456.90	14448.51	0.000	74.43	0.000	104.00	0.00	0.000	103.40	0.000	0.000	0.0	0.0	0.0	0.000000000000000000	0.000000000000000000	0.000000000000000000	0.000000000000000000
42131.41036887	103.90	104.98	224.900	0.387	14457.50	14449.09	0.000	74.43	0.000	104.20	0.00	0.000	103.80	0.000	0.000	0.0	0.0	0.0	0.000000000000000000	0.000000000000000000	0.000000000000000000	0.000000000000000000
42131.41060024	104.40	104.99	224.400	0.409	14458.10	14449.67	0.000	74.43	0.000	104.60	0.00	0.000	103.60	0.000	0.000	0.0	0.0	0.0	0.000000000000000000	0.000000000000000000	0.000000000000000000	0.000000000000000000
42131.41083167	107.00	105.10	225.300	0.489	14458.60	14450.25	0.000	74.43	0.000	109.80	0.00	0.000	103.90	0.000	0.000	0.0	0.0	0.0	0.000000000000000000	0.000000000000000000	0.000000000000000000	0.000000000000000000
42145.45766426	117.00	117.00	221.300	0.510	166.80	166.80	0.000	83.95	0.000	124.00	0.00	0.000	116.40	0.000	0.000	0.0	0.0	0.0	0.000000000000000000	0.000000000000000000	1.000000000000000000	0.000000000000000000
42145.45789578	119.20	118.10	221.400	0.515	167.50	167.15	0.000	83.96	0.000	119.20	0.00	0.000	117.00	0.000	0.000	0.0	0.0	0.0	0.000000000000000000	0.000000000000000000	0.000000000000000000	0.000000000000000000
42145.45812723	117.70	117.97	221.100	0.508	168.20	167.50	0.000	83.97	0.000	124.50	0.00	0.000	117.60	0.000	0.000	0.0	0.0	0.0	0.000000000000000000	0.000000000000000000	0.000000000000000000	0.000000000000000000
42145.45835870	118.70	118.15	221.300	0.498	168.80	167.82	0.000	83.97	0.000	118.80	0.00	0.000	117.70	0.000	0.000	0.0	0.0	0.0	0.000000000000000000	0.000000000000000000	0.000000000000000000	0.000000000000000000
42145.45859005	115.90	117.70	221.100	0.501	169.50	168.16	0.000	83.97	0.000	124.60	0.00	0.000	113.90	0.000	0.000	0.0	0.0	0.0	0.000000000000000000	0.000000000000000000	0.000000000000000000	0.000000000000000000
42145.45882150	116.30	117.47	221.100	0.502	170.10	168.48	0.000	83.97	0.000	116.50	0.00	0.000	115.90	0.000	0.000	0.0	0.0	0.0	0.000000000000000000	0.000000000000000000	0.000000000000000000	0.000000000000000000
42145.45905296	116.10	117.27	221.100	0.500	170.80	168.81	0.000	83.97	0.000	116.30	0.00	0.000	115.70	0.000	0.000	0.0	0.0	0.0	0.000000000000000000	0.000000000000000000	0.000000000000000000	0.000000000000000000
42145.45928448	116.00	117.11	221.000	0.501	171.40	169.14	0.000	83.97	0.000	116.10	0.00	0.000	115.20	0.000	0.000	0.0	0.0	0.0	0.000000000000000000	0.000000000000000000	0.000000000000000000	0.000000000000000000
42145.45951595	116.60	117.06	221.000	0.512	172.00	169.46	0.000	83.96	0.000	116.60	0.00	0.000	116.00	0.000	0.000	0.0	0.0	0.0	0.000000000000000000	0.000000000000000000	0.000000000000000000	0.000000000000000000
42145.45974740	117.00	117.05	219.900	0.506	172.70	169.78	0.000	83.96	0.000	117.00	0.00	0.000	116.00	0.000	0.000	0.0	0.0	0.0	0.000000000000000000	0.000000000000000000	0.000000000000000000	0.000000000000000000
42145.45997885	117.90	117.13	220.200	0.508	173.30	170.10	0.000	83.97	0.000	118.30	0.00	0.000	116.30	0.000	0.000	0.0	0.0	0.0	0.000000000000000000	0.000000000000000000	0.000000000000000000	0.000000000000000000
42145.46021032	107.80	116.35	220.100	0.464	174.00	170.43	0.000	83.99	0.000	142.10	0.00	0.000	107.80	0.000	0.000	0.0	0.0	0.0	0.000000000000000000	0.000000000000000000	0.000000000000000000	0.000000000000000000
42145.46044177	107.30	115.65	220.900	0.428	174.60	170.75	0.000	83.96	0.000	108.20	0.00	0.000	107.30	0.000	0.000	0.0	0.0	0.0	0.000000000000000000	0.000000000000000000	0.000000000000000000	0.000000000000000000
42145.46067325	106.80	115.02	220.100	0.462	175.20	171.06	0.000	83.94	0.000	114.10	0.00	0.000	106.30	0.000	0.000	0.0	0.0	0.0	0.000000000000000000	0.000000000000000000	0.000000000000000000	0.000000000000000000
42145.46090478	108.40	114.58	219.800	0.458	175.80	171.38	0.000	83.92	0.000	108.80	0.00	0.000	106.80	0.000	0.000	0.0	0.0	0.0	0.000000000000000000	0.000000000000000000	0.000000000000000000	0.000000000000000000
42145.46113631	107.60	114.14	220.900	0.451	176.40	171.69	0.000	83.89	0.000	108.50	0.00	0.000	107.40	0.000	0.000	0.0	0.0	0.0	0.000000000000000000	0.000000000000000000	0.000000000000000000	0.000000000000000000
42145.46136780	107.70	113.76	221.000	0.431	177.00	172.01	0.000	83.87	0.000	107.80	0.00	0.000	107.40	0.000	0.000	0.0	0.0	0.0	0.000000000000000000	0.000000000000000000	0.000000000000000000	0.000000000000000000
42145.46159926	107.60	113.42	220.900	0.448	177.60	172.32	0.000	83.85	0.000	114.20	0.00	0.000	107.10	0.000	0.000	0.0	0.0	0.0	0.000000000000000000	0.000000000000000000	0.000000000000000000	0.000000000000000000
42145.46183072	107.30	113.10	221.300	0.434	178.20	172.63	0.000	83.82	0.000	107.90	0.00	0.000	107.10	0.000	0.000	0.0	0.0	0.0	0.000000000000000000	0.000000000000000000	0.000000000000000000	0.000000000000000000
42145.46206219	106.80	112.79	221.400	0.443	178.80	172.94	0.000	83.80	0.000	120.10	0.00	0.000	106.70	0.000	0.000	0.0	0.0	0.0	0.000000000000000000	0.000000000000000000	0.000000000000000000	0.000000000000000000
42145.46229363	107.00	112.51	221.500	0.457	179.40	173.24	0.000	83.78	0.000	107.50	0.00	0.000	106.70	0.000	0.000	0.0	0.0	0.0	0.000000000000000000	0.000000000000000000	0.000000000000000000	0.000000000000000000
42145.46252515	107.00	112.26	221.500	0.445	180.00	173.55	0.000	83.75	0.000	107.30	0.00	0.000	106.70	0.000	0.000	0.0	0.0	0.0	0.000000000000000000	0.000000000000000000	0.000000000000000000	0.000000000000000000
42145.46275667	107.90	112.07	221.000	0.449	180.60	173.86	0.000	83.73	0.000	108.10	0.00	0.000	106.80	0.000	0.000	0.0	0.0	0.0	0.000000000000000000	0.000000000000000000	0.000000000000000000	0.000000000000000000
42145.46298813	107.90	111.90	221.000	0.463	181.20	174.16	0.000	83.71	0.000	108.30	0.00	0.000	107.70	0.000	0.000	0.0	0.0	0.0	0.000000000000000000	0.000000000000000000	0.000000000000000000	0.000000000000000000
42145.46321958	107.20	111.71	221.200	0.465	181.80	174.47	0.000	83.68	0.000	107.90	0.00	0.000	107.00	0.000	0.000	0.0	0.0	0.0	0.000000000000000000	0.000000000000000000	0.000000000000000000	0.000000000000000000
42145.46345091	106.50	111.51	220.700	0.456	182.40	174.77	0.000	83.66	0.000	107.80	0.00	0.000	106.50	0.000	0.000	0.0	0.0	0.0	0.000000000000000000	0.000000000000000000	0.000000000000000000	0.000000000000000000
42145.46368240	105.20	111.27	221.200	0.436	183.00	175.08	0.000	83.63	0.000	106.80	0.00	0.000	105.10	0.000	0.000	0.0	0.0	0.0	0.000000000000000000	0.000000000000000000	0.000000000000000000	0.000000000000000000
42145.46391385	105.10	111.05	221.200	0.435	183.60	175.38	0.000	83.60	0.000	110.60	0.00	0.000	104.60	0.000	0.000	0.0	0.0	0.0	0.000000000000000000	0.000000000000000000	0.000000000000000000	0.000000000000000000
42145.46414521	104.90	110.84	220.800	0.439	184.10	175.68	0.000	83.57	0.000	105.20	0.00	0.000	104.80	0.000	0.000	0.0	0.0	0.0	0.000000000000000000	0.000000000000000000	0.000000000000000000	0.000000000000000000
42145.46437667	104.90	110.64	221.100	0.464	184.70	175.98	0.000	83.55	0.000	111.00	0.00	0.000	104.60	0.000	0.000	0.0	0.0	0.0	0.000000000000000000	0.000000000000000000	0.000000000000000000	0.000000000000000000
42145.46460802	104.70	110.23	221.400	0.438	185.30	176.60	0.000	83.52	0.000	105.20	0.00	0.000	104.70	0.000	0.000	0.0	0.0	0.0	0.000000000000000000	0.000000000000000000	0.000000000000000000	0.000000000000000000
42145.46483951	110.80	109.95	221.600	0.500	185.90	177.21	0.000	83.49	0.000	110.80	0.00	0.000	104.70	0.000	0.000	0.0	0.0	0.0	0.000000000000000000	0.000000000000000000	0.000000000000000000	0.000000000000000000
42145.46507086	105.40	109.54	220.400	0.471	186.50	177.82	0.000	83.46	0.000	110.80	0.00	0.000	105.40	0.000	0.000	0.0	0.0	0.0	0.000000000000000000	0.000000000000000000	0.000000000000000000	0.000000000000000000
42145.46530237	104.60	109.07	221.500	0.434	187.10	178.43	0.000	83.43	0.000	105.50	0.00	0.000	104.60	0.000	0.000	0.0	0.0	0.0	0.000000000000000000	0.000000000000000000	0.000000000000000000	0.000000000000000000
42145.46553383	105.20	108.72	221.000	0.440	187.60	179.04	0.000	83.41	0.000	105.60	0.00	0.000	104.60	0.000	0.000	0.0	0.0	0.0	0.000000000000000000	0.000000000000000000	0.000000000000000000	0.000000000000000000
42145.46576535	106.60	108.39	221.200	0.453	188.20	179.64	0.000	83.39	0.000	115.50	0.00	0.000	104.70	0.000	0.000	0.0	0.0	0.0	0.000000000000000000	0.000000000000000000	0.000000000000000000	0.000000000000000000
42145.46599687	104.80	108.02	221.200	0.435	188.80	180.24	0.000	83.36	0.000	106.90	0.00	0.000	104.80	0.000	0.000	0.0	0.0	0.0	0.000000000000000000	0.000000000000000000	0.000000000000000000	0.000000000000000000
42145.46622834	104.40	107.63	221.000	0.453	189.40	180.84	0.000	83.33	0.000	104.90	0.00	0.000	104.30	0.000	0.000	0.0	0.0	0.0	0.000000000000000000	0.000000000000000000	0.000000000000000000	0.000000000000000000
42145.46645969	104.90	107.24	220.600	0.473	190.00	181.44	0.000	83.30	0.000	105.30	0.00	0.000	104.40	0.000	0.000	0.0	0.0	0.0	0.000000000000000000	0.000000000000000000	0.000000000000000000	0.000000000000000000
42145.46669120	104.70	106.83	220.400	0.449	190.50	182.03	0.000	83.28	0.000	105.10	0.00	0.000	104.30	0.000	0.000	0.0	0.0	0.0	0.000000000000000000	0.000000000000000000	0.000000000000000000	0.000000000000000000
42145.46692266	104.40	106.38	219.800	0.447	191.10	182.63	0.000	83.25	0.000	104.90	0.00	0.000	104.30	0.000	0.000	0.0	0.0	0.0	0.000000000000000000	0.000000000000000000	0.000000000000000000	0.000000000000000000
42145.46715418	104.50	106.27	220.000	0.469	191.70	183.22	0.000	83.22	0.000	110.60	0.00	0.000	104.30	0.000	0.000	0.0	0.0	0.0	0.000000000000000000	0.000000000000000000	0.000000000000000000	0.000000000000000000
42145.46738564	105.10	106.20	219.200	0.446	192.30	183.81	0.000	83.20	0.000	105.40	0.00	0.000	104.50	0.000	0.000	0.0	0.0	0.0	0.000000000000000000	0.000000000000000000	0.000000000000000000	0.000000000000000000
42145.46761699	105.00	106.14	220.300	0.462	192.90	184.40	0.000	83.17	0.000	105.70	0.00	0.000	104.90	0.000	0.000	0.0	0.0	0.0	0.000000000000000000	0.000000000000000000	0.000000000000000000	0.000000000000000000
42145.46784851	104.00	105.99	220.900	0.463	193.50	184.99	0.000	83.15	0.000	118.90	0.00	0.000	104.00	0.000	0.000	0.0	0.0	0.0	0.000000000000000000	0.000000000000000000	0.000000000000000000	0.000000000000000000
42145.46807997	104.00	105.87	221.500	0.452	194.00	185.57	0.000	83.12	0.000	111.60	0.00	0.000	104.00	0.000	0.000	0.0	0.0	0.0	0.000000000000000000	0.000000000000000000	0.000000000000000000	0.000000000000000000
42145.46831142	104.50	105.76	221.300	0.434	194.60	186.16	0.000	83.10	0.000	104.60	0.00	0.000	104.00	0.000	0.000	0.0	0.0	0.0	0.000000000000000000	0.000000000000000000	0.000000000000000000	0.000000000000000000
42145.46854288	105.20	105.68	221.200	0.461	195.20	186.75	0.000	83.07	0.000	111.30	0.00	0.000	104.40	0.000	0.000	0.0	0.0	0.0	0.000000000000000000	0.000000000000000000	0.000000000000000000	0.000000000000000000
42145.46877433	104.10	105.58	221.300	0.443	195.80	187.33	0.000	83.05	0.000	109.20	0.00	0.000	104.10	0.000	0.000	0.0	0.0	0.0	0.000000000000000000	0.000000000000000000	0.000000000000000000	0.000000000000000000
42145.46900579	104.40	105.50	220.100	0.436	196.40	187.92	0.000	83.02	0.000	111.60	0.00	0.000	104.10	0.000	0.000	0.0	0.0	0.0	0.000000000000000000	0.000000000000000000	0.000000000000000000	0.000000000000000000
42145.46923726	105.80	105.46	220.500	0.457	197.00	188.51	0.000	83.00	0.000	118.90	0.00	0.000	104.40	0.000	0.000	0.0	0.0	0.0	0.000000000000000000	0.000000000000000000	0.000000000000000000	0.000000000000000000
42145.46946862	104.90	105.39	220.600	0.458	197.60	189.09	0.000	82.98	0.000	105.80	0.00	0.000	104.90	0.000	0.000	0.0	0.0	0.0	0.000000000000000000	0.000000000000000000	0.000000000000000000	0.000000000000000000
42145.46970012	104.70	105.28	220.900	0.440	198.10	189.68	0.000	82.95	0.000	105.10	0.00	0.000	104.60	0.000	0.000	0.0	0.0	0.0	0.000000000000000000	0.000000000000000000	0.000000000000000000	0.000000000000000000
42145.46993157	104.90	105.18	220.500	0.436	198.70	190.26	0.000	82.93	0.000	105.10	0.00	0.000	104.40	0.000	0.000	0.0	0.0	0.0	0.000000000000000000	0.000000000000000000	0.000000000000000000	0.000000000000000000
42145.47016292	107.90	105.20	220.700	0.433	199.30	190.84	0.000	82.90	0.000	110.00	0.00	0.000	104.30	0.000	0.000	0.0	0.0	0.0	0.000000000000000000	0.000000000000000000	0.000000000000000000	0.000000000000000000
42145.47039427	105.10	105.16	220.100	0.422	199.90	191.43	0.000	82.88	0.000	107.90	0.00	0.000	105.00	0.000	0.000	0.0	0.0	0.0	0.000000000000000000	0.000000000000000000	0.000000000000000000	0.000000000000000000
42145.47062579	107.40	105.23	220.600	0.413	200.50	192.01	0.000	82.85	0.000	109.70	0.00	0.000	104.20	0.000	0.000	0.0	0.0	0.0	0.000000000000000000	0.000000000000000000	0.000000000000000000	0.000000000000000000
42145.47085712	104.70	105.22	220.500	0.407	201.00	192.59	0.000	82.83	0.000	107.40	0.00	0.000	104.70	0.000	0.000	0.0	0.0	0.0	0.000000000000000000	0.000000000000000000	0.000000000000000000	0.000000000000000000
42145.47108866	104.40	105.20	220.700	0.402	201.60	193.17	0.000	82.81	0.000	105.20	0.00	0.000	104.40	0.000	0.000	0.0	0.0	0.0	0.000000000000000000	0.000000000000000000	0.000000000000000000	0.000000000000000000