Time	Watts	AveWatts	Volts	Amps	WattHrs	AveWttHrs	Cost	Avg_Kwh	Mo_Cost	Max_Wts	Max_Vlt	Max_Amp	Min_Wts	Min_Vlt	Min_Amp	Pwr_Fct	Dty_Cyc	Pwr_Cyc	Log_Start	Log_Stop	R1	R2
42131.63137478	123.20	123.20	225.900	0.541	340.10	340.10	0.000	85.20	0.000	147.10	0.00	0.000	107.20	0.000	0.000	0.0	0.0	0.0	0.000000000000000000	0.000000000000000000	1.000000000000000000	0.000000000000000000
42131.63160637	111.60	117.40	224.400	0.661	340.80	340.45	0.000	85.22	0.000	132.50	0.00	0.000	111.60	0.000	0.000	0.0	0.0	0.0	0.000000000000000000	0.000000000000000000	0.000000000000000000	0.000000000000000000
42131.63183801	129.20	121.33	225.700	0.518	341.50	340.80	0.000	85.23	0.000	137.50	0.00	0.000	111.60	0.000	0.000	0.0	0.0	0.0	0.000000000000000000	0.000000000000000000	0.000000000000000000	0.000000000000000000
42131.63206955	138.60	125.65	224.100	0.551	342.20	341.15	0.000	85.25	0.000	138.90	0.00	0.000	122.60	0.000	0.000	0.0	0.0	0.0	0.000000000000000000	0.000000000000000000	0.000000000000000000	0.000000000000000000
42131.63230101	115.40	123.60	224.400	0.466	342.90	341.50	0.000	85.26	0.000	141.40	0.00	0.000	115.40	0.000	0.000	0.0	0.0	0.0	0.000000000000000000	0.000000000000000000	0.000000000000000000	0.000000000000000000
42131.63253278	114.00	122.00	224.300	0.460	343.60	341.85	0.000	85.25	0.000	115.40	0.00	0.000	114.00	0.000	0.000	0.0	0.0	0.0	0.000000000000000000	0.000000000000000000	0.000000000000000000	0.000000000000000000
42131.63276416	143.10	125.01	224.100	0.597	344.20	342.19	0.000	85.25	0.000	165.50	0.00	0.000	112.10	0.000	0.000	0.0	0.0	0.0	0.000000000000000000	0.000000000000000000	0.000000000000000000	0.000000000000000000
42131.63299578	135.30	126.30	223.900	0.546	345.00	342.54	0.000	85.28	0.000	143.10	0.00	0.000	134.00	0.000	0.000	0.0	0.0	0.0	0.000000000000000000	0.000000000000000000	0.000000000000000000	0.000000000000000000
42131.63322735	131.50	126.88	224.100	0.551	345.80	342.90	0.000	85.31	0.000	143.40	0.00	0.000	131.50	0.000	0.000	0.0	0.0	0.0	0.000000000000000000	0.000000000000000000	0.000000000000000000	0.000000000000000000
42131.63345902	141.50	128.34	224.700	0.577	346.60	343.27	0.000	85.34	0.000	146.60	0.00	0.000	131.50	0.000	0.000	0.0	0.0	0.0	0.000000000000000000	0.000000000000000000	0.000000000000000000	0.000000000000000000
42131.63369060	134.30	128.88	224.800	0.552	347.30	343.64	0.000	85.36	0.000	143.60	0.00	0.000	133.70	0.000	0.000	0.0	0.0	0.0	0.000000000000000000	0.000000000000000000	0.000000000000000000	0.000000000000000000
42131.63392213	132.40	129.18	224.500	0.543	348.10	344.01	0.000	85.39	0.000	149.60	0.00	0.000	132.00	0.000	0.000	0.0	0.0	0.0	0.000000000000000000	0.000000000000000000	0.000000000000000000	0.000000000000000000
42131.63415361	139.40	129.96	224.800	0.581	348.80	344.38	0.000	85.41	0.000	140.30	0.00	0.000	130.80	0.000	0.000	0.0	0.0	0.0	0.000000000000000000	0.000000000000000000	0.000000000000000000	0.000000000000000000
42131.63438510	140.00	130.68	224.500	0.551	349.60	344.75	0.000	85.44	0.000	141.80	0.00	0.000	132.60	0.000	0.000	0.0	0.0	0.0	0.000000000000000000	0.000000000000000000	0.000000000000000000	0.000000000000000000
42131.63461656	132.80	130.82	224.300	0.569	350.30	345.12	0.000	85.46	0.000	142.70	0.00	0.000	132.70	0.000	0.000	0.0	0.0	0.0	0.000000000000000000	0.000000000000000000	0.000000000000000000	0.000000000000000000
42131.63484806	135.00	131.08	225.300	0.551	351.10	345.49	0.000	85.48	0.000	140.00	0.00	0.000	132.00	0.000	0.000	0.0	0.0	0.0	0.000000000000000000	0.000000000000000000	0.000000000000000000	0.000000000000000000
42131.63507965	135.00	131.31	225.700	0.572	351.80	345.86	0.000	85.50	0.000	141.80	0.00	0.000	129.80	0.000	0.000	0.0	0.0	0.0	0.000000000000000000	0.000000000000000000	0.000000000000000000	0.000000000000000000
42131.63531115	140.50	131.82	226.000	0.559	352.60	346.24	0.000	85.53	0.000	144.40	0.00	0.000	131.80	0.000	0.000	0.0	0.0	0.0	0.000000000000000000	0.000000000000000000	0.000000000000000000	0.000000000000000000
42131.63554267	131.50	131.81	225.900	0.554	353.30	346.61	0.000	85.55	0.000	141.40	0.00	0.000	129.80	0.000	0.000	0.0	0.0	0.0	0.000000000000000000	0.000000000000000000	0.000000000000000000	0.000000000000000000
42131.63577436	134.50	131.94	225.100	0.535	354.10	346.99	0.000	85.57	0.000	139.40	0.00	0.000	131.50	0.000	0.000	0.0	0.0	0.0	0.000000000000000000	0.000000000000000000	0.000000000000000000	0.000000000000000000
42131.63600591	133.60	132.02	224.900	0.557	354.80	347.36	0.000	85.59	0.000	141.20	0.00	0.000	130.60	0.000	0.000	0.0	0.0	0.0	0.000000000000000000	0.000000000000000000	0.000000000000000000	0.000000000000000000
42131.63623705	132.70	132.05	225.000	0.559	355.60	347.73	0.000	85.61	0.000	141.10	0.00	0.000	130.90	0.000	0.000	0.0	0.0	0.0	0.000000000000000000	0.000000000000000000	0.000000000000000000	0.000000000000000000
42131.63646900	132.50	132.07	224.500	0.551	356.30	348.10	0.000	85.63	0.000	139.90	0.00	0.000	131.20	0.000	0.000	0.0	0.0	0.0	0.000000000000000000	0.000000000000000000	0.000000000000000000	0.000000000000000000
42131.63670054	135.50	132.21	224.800	0.540	357.10	348.48	0.000	85.65	0.000	138.40	0.00	0.000	130.60	0.000	0.000	0.0	0.0	0.0	0.000000000000000000	0.000000000000000000	0.000000000000000000	0.000000000000000000
42131.63693218	134.20	132.29	225.100	0.585	357.80	348.85	0.000	85.67	0.000	140.60	0.00	0.000	132.30	0.000	0.000	0.0	0.0	0.0	0.000000000000000000	0.000000000000000000	0.000000000000000000	0.000000000000000000
42131.63716368	138.10	132.52	225.700	0.552	358.60	349.23	0.000	85.69	0.000	139.30	0.00	0.000	130.50	0.000	0.000	0.0	0.0	0.0	0.000000000000000000	0.000000000000000000	0.000000000000000000	0.000000000000000000
42131.63739502	134.50	132.59	224.800	0.579	359.30	349.60	0.000	85.71	0.000	143.10	0.00	0.000	128.30	0.000	0.000	0.0	0.0	0.0	0.000000000000000000	0.000000000000000000	0.000000000000000000	0.000000000000000000
42131.63762669	134.00	132.64	224.900	0.568	360.10	349.98	0.000	85.73	0.000	140.20	0.00	0.000	132.30	0.000	0.000	0.0	0.0	0.0	0.000000000000000000	0.000000000000000000	0.000000000000000000	0.000000000000000000
42131.63785825	133.30	132.66	224.900	0.557	360.80	350.35	0.000	85.75	0.000	140.90	0.00	0.000	133.30	0.000	0.000	0.0	0.0	0.0	0.000000000000000000	0.000000000000000000	0.000000000000000000	0.000000000000000000
42131.63808965	133.00	132.67	225.000	0.554	361.60	350.72	0.000	85.77	0.000	140.90	0.00	0.000	133.00	0.000	0.000	0.0	0.0	0.0	0.000000000000000000	0.000000000000000000	0.000000000000000000	0.000000000000000000
42131.63832135	138.00	133.17	225.000	0.557	362.30	351.46	0.000	85.79	0.000	141.50	0.00	0.000	131.90	0.000	0.000	0.0	0.0	0.0	0.000000000000000000	0.000000000000000000	0.000000000000000000	0.000000000000000000
42131.63855263	133.60	133.90	225.300	0.537	363.10	352.21	0.000	85.81	0.000	138.70	0.00	0.000	130.40	0.000	0.000	0.0	0.0	0.0	0.000000000000000000	0.000000000000000000	0.000000000000000000	0.000000000000000000
42131.63878414	133.40	134.04	225.700	0.557	363.80	352.95	0.000	85.83	0.000	133.60	0.00	0.000	132.40	0.000	0.000	0.0	0.0	0.0	0.000000000000000000	0.000000000000000000	0.000000000000000000	0.000000000000000000
42131.63901564	133.70	133.88	225.700	0.580	364.50	353.69	0.000	85.85	0.000	133.90	0.00	0.000	127.40	0.000	0.000	0.0	0.0	0.0	0.000000000000000000	0.000000000000000000	0.000000000000000000	0.000000000000000000
42131.63924726	131.10	134.40	225.800	0.541	365.30	354.44	0.000	85.86	0.000	138.90	0.00	0.000	126.20	0.000	0.000	0.0	0.0	0.0	0.000000000000000000	0.000000000000000000	0.000000000000000000	0.000000000000000000
42131.63947874	136.40	135.15	225.900	0.517	366.00	355.19	0.000	85.88	0.000	136.40	0.00	0.000	129.80	0.000	0.000	0.0	0.0	0.0	0.000000000000000000	0.000000000000000000	0.000000000000000000	0.000000000000000000
42131.63971024	128.20	134.65	226.500	0.550	366.70	355.94	0.000	85.89	0.000	136.40	0.00	0.000	126.20	0.000	0.000	0.0	0.0	0.0	0.000000000000000000	0.000000000000000000	0.000000000000000000	0.000000000000000000
42131.63994184	128.20	134.41	225.900	0.546	367.40	356.68	0.000	85.90	0.000	129.60	0.00	0.000	123.00	0.000	0.000	0.0	0.0	0.0	0.000000000000000000	0.000000000000000000	0.000000000000000000	0.000000000000000000
42131.64017343	121.30	134.07	225.600	0.532	368.10	357.43	0.000	85.91	0.000	128.50	0.00	0.000	121.30	0.000	0.000	0.0	0.0	0.0	0.000000000000000000	0.000000000000000000	0.000000000000000000	0.000000000000000000
42131.64040498	125.50	133.54	224.400	0.521	368.80	358.17	0.000	85.92	0.000	129.50	0.00	0.000	121.30	0.000	0.000	0.0	0.0	0.0	0.000000000000000000	0.000000000000000000	0.000000000000000000	0.000000000000000000
42131.64063648	123.00	133.16	225.200	0.509	369.50	358.91	0.000	85.92	0.000	125.50	0.00	0.000	123.00	0.000	0.000	0.0	0.0	0.0	0.000000000000000000	0.000000000000000000	0.000000000000000000	0.000000000000000000
42131.64086786	122.40	132.83	224.200	0.502	370.10	359.64	0.000	85.93	0.000	124.00	0.00	0.000	116.00	0.000	0.000	0.0	0.0	0.0	0.000000000000000000	0.000000000000000000	0.000000000000000000	0.000000000000000000
42131.64109941	111.80	131.91	224.400	0.427	370.80	360.37	0.000	85.92	0.000	123.30	0.00	0.000	111.80	0.000	0.000	0.0	0.0	0.0	0.000000000000000000	0.000000000000000000	0.000000000000000000	0.000000000000000000
42131.64133096	111.10	130.95	224.400	0.439	371.40	361.10	0.000	85.91	0.000	112.30	0.00	0.000	111.10	0.000	0.000	0.0	0.0	0.0	0.000000000000000000	0.000000000000000000	0.000000000000000000	0.000000000000000000
42131.64156255	117.70	130.44	225.200	0.413	372.10	361.83	0.000	85.91	0.000	118.20	0.00	0.000	110.40	0.000	0.000	0.0	0.0	0.0	0.000000000000000000	0.000000000000000000	0.000000000000000000	0.000000000000000000
42131.64179383	108.50	129.56	224.800	0.402	372.70	362.55	0.000	85.90	0.000	122.00	0.00	0.000	107.00	0.000	0.000	0.0	0.0	0.0	0.000000000000000000	0.000000000000000000	0.000000000000000000	0.000000000000000000
42131.64202557	106.60	128.61	225.600	0.395	373.30	363.26	0.000	85.88	0.000	108.50	0.00	0.000	106.60	0.000	0.000	0.0	0.0	0.0	0.000000000000000000	0.000000000000000000	0.000000000000000000	0.000000000000000000
42145.48754758	108.80	108.80	222.000	0.450	245.60	245.60	0.000	82.34	0.000	108.90	0.00	0.000	107.90	0.000	0.000	0.0	0.0	0.0	0.000000000000000000	0.000000000000000000	1.000000000000000000	0.000000000000000000
42145.48777916	134.70	121.75	222.800	0.525	246.30	245.95	0.000	82.35	0.000	143.60	0.00	0.000	108.70	0.000	0.000	0.0	0.0	0.0	0.000000000000000000	0.000000000000000000	0.000000000000000000	0.000000000000000000
42145.48801076	123.80	122.43	222.900	0.538	247.00	246.30	0.000	82.38	0.000	138.00	0.00	0.000	123.80	0.000	0.000	0.0	0.0	0.0	0.000000000000000000	0.000000000000000000	0.000000000000000000	0.000000000000000000
42145.48824230	135.50	125.70	222.900	0.628	247.80	246.68	0.000	82.41	0.000	136.50	0.00	0.000	122.40	0.000	0.000	0.0	0.0	0.0	0.000000000000000000	0.000000000000000000	0.000000000000000000	0.000000000000000000
42145.48847388	130.20	126.60	222.700	0.575	248.50	247.04	0.000	82.44	0.000	146.80	0.00	0.000	127.70	0.000	0.000	0.0	0.0	0.0	0.000000000000000000	0.000000000000000000	0.000000000000000000	0.000000000000000000
42145.48870545	131.30	127.38	223.400	0.542	249.20	247.40	0.000	82.47	0.000	137.70	0.00	0.000	129.80	0.000	0.000	0.0	0.0	0.0	0.000000000000000000	0.000000000000000000	0.000000000000000000	0.000000000000000000
42145.48893703	130.90	127.89	223.700	0.551	250.00	247.77	0.000	82.51	0.000	138.90	0.00	0.000	130.10	0.000	0.000	0.0	0.0	0.0	0.000000000000000000	0.000000000000000000	0.000000000000000000	0.000000000000000000
42145.48916860	134.40	128.70	223.500	0.613	250.70	248.14	0.000	82.54	0.000	141.10	0.00	0.000	130.60	0.000	0.000	0.0	0.0	0.0	0.000000000000000000	0.000000000000000000	0.000000000000000000	0.000000000000000000
42145.48940013	134.80	129.38	223.300	0.558	251.50	248.51	0.000	82.58	0.000	145.30	0.00	0.000	133.40	0.000	0.000	0.0	0.0	0.0	0.000000000000000000	0.000000000000000000	0.000000000000000000	0.000000000000000000
42145.48963156	140.20	130.46	223.700	0.589	252.20	248.88	0.000	82.62	0.000	141.20	0.00	0.000	129.20	0.000	0.000	0.0	0.0	0.0	0.000000000000000000	0.000000000000000000	0.000000000000000000	0.000000000000000000
42145.48986299	133.80	130.76	223.500	0.556	253.00	249.25	0.000	82.65	0.000	140.20	0.00	0.000	130.60	0.000	0.000	0.0	0.0	0.0	0.000000000000000000	0.000000000000000000	0.000000000000000000	0.000000000000000000
42145.49009461	134.10	131.04	223.500	0.530	253.70	249.63	0.000	82.69	0.000	139.60	0.00	0.000	132.70	0.000	0.000	0.0	0.0	0.0	0.000000000000000000	0.000000000000000000	0.000000000000000000	0.000000000000000000
42145.49032605	133.70	131.25	222.700	0.558	254.40	249.99	0.000	82.72	0.000	134.20	0.00	0.000	133.00	0.000	0.000	0.0	0.0	0.0	0.000000000000000000	0.000000000000000000	0.000000000000000000	0.000000000000000000
42145.49055758	134.80	131.50	222.500	0.581	255.20	250.36	0.000	82.75	0.000	145.90	0.00	0.000	132.50	0.000	0.000	0.0	0.0	0.0	0.000000000000000000	0.000000000000000000	0.000000000000000000	0.000000000000000000
42145.49078910	134.10	131.67	221.500	0.550	255.90	250.73	0.000	82.79	0.000	136.30	0.00	0.000	128.20	0.000	0.000	0.0	0.0	0.0	0.000000000000000000	0.000000000000000000	0.000000000000000000	0.000000000000000000
42145.49102061	130.50	131.60	221.700	0.546	256.70	251.11	0.000	82.82	0.000	139.90	0.00	0.000	130.50	0.000	0.000	0.0	0.0	0.0	0.000000000000000000	0.000000000000000000	0.000000000000000000	0.000000000000000000
42145.49125211	133.70	131.72	222.300	0.525	257.40	251.48	0.000	82.86	0.000	140.90	0.00	0.000	130.50	0.000	0.000	0.0	0.0	0.0	0.000000000000000000	0.000000000000000000	0.000000000000000000	0.000000000000000000
42145.49148361	133.20	131.81	223.200	0.528	258.10	251.84	0.000	82.89	0.000	138.00	0.00	0.000	126.40	0.000	0.000	0.0	0.0	0.0	0.000000000000000000	0.000000000000000000	0.000000000000000000	0.000000000000000000
42145.49171507	133.90	131.92	223.500	0.556	258.90	252.22	0.000	82.92	0.000	141.40	0.00	0.000	132.80	0.000	0.000	0.0	0.0	0.0	0.000000000000000000	0.000000000000000000	0.000000000000000000	0.000000000000000000
42145.49194661	134.40	132.04	223.100	0.558	259.60	252.58	0.000	82.95	0.000	134.70	0.00	0.000	133.20	0.000	0.000	0.0	0.0	0.0	0.000000000000000000	0.000000000000000000	0.000000000000000000	0.000000000000000000
42145.49217818	137.10	132.28	222.700	0.583	260.40	252.96	0.000	82.99	0.000	140.00	0.00	0.000	129.30	0.000	0.000	0.0	0.0	0.0	0.000000000000000000	0.000000000000000000	0.000000000000000000	0.000000000000000000
42145.49240973	132.10	132.27	222.900	0.560	261.10	253.33	0.000	83.02	0.000	140.60	0.00	0.000	128.30	0.000	0.000	0.0	0.0	0.0	0.000000000000000000	0.000000000000000000	0.000000000000000000	0.000000000000000000
42145.49264111	131.40	132.23	222.400	0.538	261.90	253.70	0.000	83.05	0.000	137.80	0.00	0.000	130.60	0.000	0.000	0.0	0.0	0.0	0.000000000000000000	0.000000000000000000	0.000000000000000000	0.000000000000000000
42145.49287264	134.60	132.33	222.900	0.560	262.60	254.07	0.000	83.08	0.000	139.30	0.00	0.000	126.40	0.000	0.000	0.0	0.0	0.0	0.000000000000000000	0.000000000000000000	0.000000000000000000	0.000000000000000000
42145.49310417	130.60	132.26	222.400	0.551	263.40	254.44	0.000	83.12	0.000	139.70	0.00	0.000	127.40	0.000	0.000	0.0	0.0	0.0	0.000000000000000000	0.000000000000000000	0.000000000000000000	0.000000000000000000
42145.49333559	134.10	132.33	222.900	0.572	264.10	254.82	0.000	83.15	0.000	138.70	0.00	0.000	128.60	0.000	0.000	0.0	0.0	0.0	0.000000000000000000	0.000000000000000000	0.000000000000000000	0.000000000000000000
42145.49356719	136.60	132.49	222.200	0.592	264.90	255.19	0.000	83.18	0.000	137.00	0.00	0.000	128.60	0.000	0.000	0.0	0.0	0.0	0.000000000000000000	0.000000000000000000	0.000000000000000000	0.000000000000000000
42145.49379858	117.00	131.94	223.500	0.477	265.60	255.56	0.000	83.21	0.000	138.10	0.00	0.000	117.00	0.000	0.000	0.0	0.0	0.0	0.000000000000000000	0.000000000000000000	0.000000000000000000	0.000000000000000000
42145.49403002	113.60	131.31	223.000	0.481	266.20	255.93	0.000	83.20	0.000	120.20	0.00	0.000	113.50	0.000	0.000	0.0	0.0	0.0	0.000000000000000000	0.000000000000000000	0.000000000000000000	0.000000000000000000
42145.49426155	138.90	131.56	222.700	0.565	266.90	256.29	0.000	83.21	0.000	161.40	0.00	0.000	111.80	0.000	0.000	0.0	0.0	0.0	0.000000000000000000	0.000000000000000000	0.000000000000000000	0.000000000000000000
42145.49449304	134.40	132.41	222.600	0.535	267.60	257.03	0.000	83.24	0.000	142.10	0.00	0.000	128.30	0.000	0.000	0.0	0.0	0.0	0.000000000000000000	0.000000000000000000	0.000000000000000000	0.000000000000000000
42145.49472443	132.50	132.34	222.600	0.522	268.40	257.76	0.000	83.27	0.000	141.60	0.00	0.000	126.70	0.000	0.000	0.0	0.0	0.0	0.000000000000000000	0.000000000000000000	0.000000000000000000	0.000000000000000000
42145.49495593	117.00	132.11	222.700	0.514	269.00	258.50	0.000	83.29	0.000	133.00	0.00	0.000	116.90	0.000	0.000	0.0	0.0	0.0	0.000000000000000000	0.000000000000000000	0.000000000000000000	0.000000000000000000
42145.49518731	113.60	131.38	222.100	0.441	269.70	259.23	0.000	83.28	0.000	117.00	0.00	0.000	113.50	0.000	0.000	0.0	0.0	0.0	0.000000000000000000	0.000000000000000000	0.000000000000000000	0.000000000000000000
42145.49541872	124.80	131.20	221.700	0.515	270.30	259.95	0.000	83.29	0.000	155.90	0.00	0.000	112.20	0.000	0.000	0.0	0.0	0.0	0.000000000000000000	0.000000000000000000	0.000000000000000000	0.000000000000000000
42145.49565028	123.50	130.94	221.800	0.582	271.10	260.68	0.000	83.32	0.000	140.50	0.00	0.000	123.50	0.000	0.000	0.0	0.0	0.0	0.000000000000000000	0.000000000000000000	0.000000000000000000	0.000000000000000000
42145.49588183	126.50	130.80	221.800	0.542	271.80	261.41	0.000	83.34	0.000	133.10	0.00	0.000	123.50	0.000	0.000	0.0	0.0	0.0	0.000000000000000000	0.000000000000000000	0.000000000000000000	0.000000000000000000
42145.49611326	121.30	130.36	222.900	0.529	272.50	262.14	0.000	83.36	0.000	128.00	0.00	0.000	121.30	0.000	0.000	0.0	0.0	0.0	0.000000000000000000	0.000000000000000000	0.000000000000000000	0.000000000000000000
42145.49634483	114.70	129.69	222.100	0.497	273.20	262.86	0.000	83.37	0.000	127.90	0.00	0.000	114.70	0.000	0.000	0.0	0.0	0.0	0.000000000000000000	0.000000000000000000	0.000000000000000000	0.000000000000000000
42145.49657632	114.00	128.82	222.600	0.459	273.80	263.58	0.000	83.36	0.000	121.10	0.00	0.000	113.70	0.000	0.000	0.0	0.0	0.0	0.000000000000000000	0.000000000000000000	0.000000000000000000	0.000000000000000000
42145.49680771	140.20	129.03	222.700	0.578	274.40	264.29	0.000	83.36	0.000	140.20	0.00	0.000	113.50	0.000	0.000	0.0	0.0	0.0	0.000000000000000000	0.000000000000000000	0.000000000000000000	0.000000000000000000
42145.49703926	120.80	128.59	223.300	0.531	275.10	265.01	0.000	83.38	0.000	140.20	0.00	0.000	120.20	0.000	0.000	0.0	0.0	0.0	0.000000000000000000	0.000000000000000000	0.000000000000000000	0.000000000000000000
42145.49727064	118.40	128.08	222.600	0.500	275.80	265.72	0.000	83.38	0.000	126.10	0.00	0.000	118.10	0.000	0.000	0.0	0.0	0.0	0.000000000000000000	0.000000000000000000	0.000000000000000000	0.000000000000000000
42145.49750207	115.40	127.43	222.700	0.515	276.40	266.43	0.000	83.38	0.000	118.40	0.00	0.000	115.20	0.000	0.000	0.0	0.0	0.0	0.000000000000000000	0.000000000000000000	0.000000000000000000	0.000000000000000000
42145.49773345	114.20	126.77	223.200	0.455	277.10	267.13	0.000	83.38	0.000	121.60	0.00	0.000	111.00	0.000	0.000	0.0	0.0	0.0	0.000000000000000000	0.000000000000000000	0.000000000000000000	0.000000000000000000
42145.49796484	108.30	126.03	223.000	0.406	277.70	267.83	0.000	83.37	0.000	114.20	0.00	0.000	107.80	0.000	0.000	0.0	0.0	0.0	0.000000000000000000	0.000000000000000000	0.000000000000000000	0.000000000000000000
42145.49819628	106.00	125.10	223.500	0.437	278.30	268.53	0.000	83.35	0.000	108.30	0.00	0.000	105.90	0.000	0.000	0.0	0.0	0.0	0.000000000000000000	0.000000000000000000	0.000000000000000000	0.000000000000000000
42145.49842771	105.90	124.19	223.800	0.410	278.80	269.22	0.000	83.33	0.000	106.00	0.00	0.000	105.20	0.000	0.000	0.0	0.0	0.0	0.000000000000000000	0.000000000000000000	0.000000000000000000	0.000000000000000000
42145.49865927	106.80	123.29	221.900	0.510	279.40	269.90	0.000	83.32	0.000	106.80	0.00	0.000	105.50	0.000	0.000	0.0	0.0	0.0	0.000000000000000000	0.000000000000000000	0.000000000000000000	0.000000000000000000
42145.49889069	105.60	122.33	223.600	0.435	280.00	270.58	0.000	83.30	0.000	107.00	0.00	0.000	105.50	0.000	0.000	0.0	0.0	0.0	0.000000000000000000	0.000000000000000000	0.000000000000000000	0.000000000000000000
42145.49912211	105.90	121.29	223.700	0.415	280.60	271.26	0.000	83.28	0.000	116.00	0.00	0.000	105.30	0.000	0.000	0.0	0.0	0.0	0.000000000000000000	0.000000000000000000	0.000000000000000000	0.000000000000000000
42145.49935353	106.00	120.42	224.000	0.425	281.20	271.93	0.000	83.27	0.000	106.30	0.00	0.000	105.60	0.000	0.000	0.0	0.0	0.0	0.000000000000000000	0.000000000000000000	0.000000000000000000	0.000000000000000000
42145.49958488	105.20	119.55	223.100	0.445	281.80	272.59	0.000	83.25	0.000	106.00	0.00	0.000	105.10	0.000	0.000	0.0	0.0	0.0	0.000000000000000000	0.000000000000000000	0.000000000000000000	0.000000000000000000
42145.49981626	105.30	118.57	223.100	0.414	282.40	273.25	0.000	83.23	0.000	118.00	0.00	0.000	104.90	0.000	0.000	0.0	0.0	0.0	0.000000000000000000	0.000000000000000000	0.000000000000000000	0.000000000000000000
42145.50004765	105.10	117.72	223.000	0.399	282.90	273.90	0.000	83.22	0.000	106.10	0.00	0.000	105.10	0.000	0.000	0.0	0.0	0.0	0.000000000000000000	0.000000000000000000	0.000000000000000000	0.000000000000000000
42145.50027904	104.70	116.74	223.900	0.435	283.50	274.55	0.000	83.20	0.000	111.30	0.00	0.000	104.20	0.000	0.000	0.0	0.0	0.0	0.000000000000000000	0.000000000000000000	0.000000000000000000	0.000000000000000000
42145.50051043	104.60	115.67	224.000	0.420	284.10	275.19	0.000	83.18	0.000	104.70	0.00	0.000	104.30	0.000	0.000	0.0	0.0	0.0	0.000000000000000000	0.000000000000000000	0.000000000000000000	0.000000000000000000
42145.50074182	104.90	115.27	223.700	0.490	284.70	275.82	0.000	83.16	0.000	105.00	0.00	0.000	104.50	0.000	0.000	0.0	0.0	0.0	0.000000000000000000	0.000000000000000000	0.000000000000000000	0.000000000000000000
42145.50097324	105.20	114.99	223.600	0.439	285.30	276.46	0.000	83.15	0.000	105.50	0.00	0.000	104.70	0.000	0.000	0.0	0.0	0.0	0.000000000000000000	0.000000000000000000	0.000000000000000000	0.000000000000000000