Time	Watts	AveWatts	Volts	Amps	WattHrs	AveWttHrs	Cost	Avg_Kwh	Mo_Cost	Max_Wts	Max_Vlt	Max_Amp	Min_Wts	Min_Vlt	Min_Amp	Pwr_Fct	Dty_Cyc	Pwr_Cyc	Log_Start	Log_Stop	R1	R2
42131.49355084	120.80	120.80	224.200	0.508	14692.30	14692.30	0.000	74.58	0.000	121.00	0.00	0.000	112.00	0.000	0.000	0.0	0.0	0.0	0.000000000000000000	0.000000000000000000	1.000000000000000000	0.000000000000000000
42131.49378251	120.20	120.50	224.700	0.549	14693.00	14692.65	0.000	74.58	0.000	120.80	0.00	0.000	120.20	0.000	0.000	0.0	0.0	0.0	0.000000000000000000	0.000000000000000000	0.000000000000000000	0.000000000000000000
42131.49401403	120.00	120.33	224.200	0.520	14693.70	14693.00	0.000	74.58	0.000	120.60	0.00	0.000	120.00	0.000	0.000	0.0	0.0	0.0	0.000000000000000000	0.000000000000000000	0.000000000000000000	0.000000000000000000
42131.49424569	120.40	120.35	224.600	0.492	14694.30	14693.33	0.000	74.58	0.000	120.80	0.00	0.000	119.80	0.000	0.000	0.0	0.0	0.0	0.000000000000000000	0.000000000000000000	0.000000000000000000	0.000000000000000000
42131.49447720	119.80	120.24	224.200	0.514	14695.00	14693.66	0.000	74.58	0.000	120.40	0.00	0.000	119.80	0.000	0.000	0.0	0.0	0.0	0.000000000000000000	0.000000000000000000	0.000000000000000000	0.000000000000000000
42131.49470873	120.50	120.28	224.500	0.519	14695.70	14694.00	0.000	74.58	0.000	120.50	0.00	0.000	119.80	0.000	0.000	0.0	0.0	0.0	0.000000000000000000	0.000000000000000000	0.000000000000000000	0.000000000000000000
42131.49494042	123.30	120.71	224.800	0.564	14696.30	14694.33	0.000	74.58	0.000	137.70	0.00	0.000	119.20	0.000	0.000	0.0	0.0	0.0	0.000000000000000000	0.000000000000000000	0.000000000000000000	0.000000000000000000
42131.49517192	142.70	123.46	225.200	0.598	14697.10	14694.68	0.000	74.58	0.000	150.00	0.00	0.000	123.30	0.000	0.000	0.0	0.0	0.0	0.000000000000000000	0.000000000000000000	0.000000000000000000	0.000000000000000000
42131.49540343	137.50	125.02	225.300	0.568	14697.90	14695.03	0.000	74.58	0.000	146.20	0.00	0.000	132.50	0.000	0.000	0.0	0.0	0.0	0.000000000000000000	0.000000000000000000	0.000000000000000000	0.000000000000000000
42131.49563494	139.60	126.48	224.600	0.581	14698.70	14695.40	0.000	74.58	0.000	139.80	0.00	0.000	137.40	0.000	0.000	0.0	0.0	0.0	0.000000000000000000	0.000000000000000000	0.000000000000000000	0.000000000000000000
42131.49586650	135.40	127.29	223.900	0.541	14699.40	14695.76	0.000	74.58	0.000	139.90	0.00	0.000	130.80	0.000	0.000	0.0	0.0	0.0	0.000000000000000000	0.000000000000000000	0.000000000000000000	0.000000000000000000
42131.49609806	136.00	128.02	223.900	0.555	14700.20	14696.13	0.000	74.58	0.000	136.20	0.00	0.000	127.60	0.000	0.000	0.0	0.0	0.0	0.000000000000000000	0.000000000000000000	0.000000000000000000	0.000000000000000000
42131.49632963	133.30	128.42	224.300	0.558	14700.90	14696.50	0.000	74.58	0.000	136.00	0.00	0.000	126.80	0.000	0.000	0.0	0.0	0.0	0.000000000000000000	0.000000000000000000	0.000000000000000000	0.000000000000000000
42131.49656113	134.00	128.82	224.400	0.590	14701.60	14696.86	0.000	74.58	0.000	134.10	0.00	0.000	126.20	0.000	0.000	0.0	0.0	0.0	0.000000000000000000	0.000000000000000000	0.000000000000000000	0.000000000000000000
42131.49679264	129.90	128.89	224.800	0.542	14702.40	14697.23	0.000	74.59	0.000	141.20	0.00	0.000	129.30	0.000	0.000	0.0	0.0	0.0	0.000000000000000000	0.000000000000000000	0.000000000000000000	0.000000000000000000
42131.49702418	126.20	128.72	225.200	0.520	14703.10	14697.60	0.000	74.59	0.000	137.80	0.00	0.000	125.50	0.000	0.000	0.0	0.0	0.0	0.000000000000000000	0.000000000000000000	0.000000000000000000	0.000000000000000000
42131.49725567	135.10	129.10	224.600	0.560	14703.80	14697.96	0.000	74.59	0.000	137.00	0.00	0.000	126.20	0.000	0.000	0.0	0.0	0.0	0.000000000000000000	0.000000000000000000	0.000000000000000000	0.000000000000000000
42131.49748714	147.70	130.13	224.600	0.595	14704.60	14698.33	0.000	74.59	0.000	148.00	0.00	0.000	127.00	0.000	0.000	0.0	0.0	0.0	0.000000000000000000	0.000000000000000000	0.000000000000000000	0.000000000000000000
42131.49771861	130.50	130.15	224.700	0.514	14705.30	14698.70	0.000	74.59	0.000	147.70	0.00	0.000	126.40	0.000	0.000	0.0	0.0	0.0	0.000000000000000000	0.000000000000000000	0.000000000000000000	0.000000000000000000
42131.49795006	139.30	130.61	225.500	0.600	14706.10	14699.07	0.000	74.59	0.000	140.00	0.00	0.000	128.00	0.000	0.000	0.0	0.0	0.0	0.000000000000000000	0.000000000000000000	0.000000000000000000	0.000000000000000000
42131.49818144	136.70	130.90	225.400	0.580	14706.80	14699.44	0.000	74.59	0.000	141.50	0.00	0.000	129.90	0.000	0.000	0.0	0.0	0.0	0.000000000000000000	0.000000000000000000	0.000000000000000000	0.000000000000000000
42131.49841301	125.20	130.64	225.200	0.504	14707.50	14699.80	0.000	74.59	0.000	143.40	0.00	0.000	124.00	0.000	0.000	0.0	0.0	0.0	0.000000000000000000	0.000000000000000000	0.000000000000000000	0.000000000000000000
42131.49864441	136.90	130.91	225.000	0.559	14708.30	14700.17	0.000	74.59	0.000	138.90	0.00	0.000	125.20	0.000	0.000	0.0	0.0	0.0	0.000000000000000000	0.000000000000000000	0.000000000000000000	0.000000000000000000
42131.49887593	135.50	131.10	224.800	0.578	14709.00	14700.54	0.000	74.59	0.000	139.70	0.00	0.000	127.40	0.000	0.000	0.0	0.0	0.0	0.000000000000000000	0.000000000000000000	0.000000000000000000	0.000000000000000000
42131.49910733	124.50	130.84	225.600	0.573	14709.70	14700.91	0.000	74.59	0.000	136.00	0.00	0.000	124.30	0.000	0.000	0.0	0.0	0.0	0.000000000000000000	0.000000000000000000	0.000000000000000000	0.000000000000000000
42131.49933883	130.10	130.81	225.300	0.548	14710.50	14701.28	0.000	74.59	0.000	137.40	0.00	0.000	124.50	0.000	0.000	0.0	0.0	0.0	0.000000000000000000	0.000000000000000000	0.000000000000000000	0.000000000000000000
42131.49957023	128.50	130.73	225.500	0.541	14711.20	14701.64	0.000	74.60	0.000	140.90	0.00	0.000	127.20	0.000	0.000	0.0	0.0	0.0	0.000000000000000000	0.000000000000000000	0.000000000000000000	0.000000000000000000
42131.49980182	130.80	130.73	225.600	0.574	14711.90	14702.01	0.000	74.60	0.000	137.80	0.00	0.000	127.10	0.000	0.000	0.0	0.0	0.0	0.000000000000000000	0.000000000000000000	0.000000000000000000	0.000000000000000000
42131.50003334	132.70	130.80	225.300	0.506	14712.70	14702.38	0.000	74.60	0.000	137.20	0.00	0.000	126.70	0.000	0.000	0.0	0.0	0.0	0.000000000000000000	0.000000000000000000	0.000000000000000000	0.000000000000000000
42131.50026476	128.00	130.70	225.100	0.522	14713.40	14702.75	0.000	74.60	0.000	133.40	0.00	0.000	125.10	0.000	0.000	0.0	0.0	0.0	0.000000000000000000	0.000000000000000000	0.000000000000000000	0.000000000000000000
42131.50049649	136.70	131.23	223.800	0.571	14714.10	14703.47	0.000	74.60	0.000	137.50	0.00	0.000	123.50	0.000	0.000	0.0	0.0	0.0	0.000000000000000000	0.000000000000000000	0.000000000000000000	0.000000000000000000
42131.50072808	131.80	131.62	224.700	0.586	14714.90	14704.20	0.000	74.60	0.000	137.00	0.00	0.000	126.00	0.000	0.000	0.0	0.0	0.0	0.000000000000000000	0.000000000000000000	0.000000000000000000	0.000000000000000000
42131.50095981	135.60	132.14	224.500	0.557	14715.60	14704.93	0.000	74.60	0.000	139.90	0.00	0.000	130.60	0.000	0.000	0.0	0.0	0.0	0.000000000000000000	0.000000000000000000	0.000000000000000000	0.000000000000000000
42131.50119141	124.60	132.28	224.800	0.511	14716.30	14705.67	0.000	74.60	0.000	138.40	0.00	0.000	124.20	0.000	0.000	0.0	0.0	0.0	0.000000000000000000	0.000000000000000000	0.000000000000000000	0.000000000000000000
42131.50142300	135.90	132.82	224.600	0.564	14717.10	14706.40	0.000	74.60	0.000	137.70	0.00	0.000	124.60	0.000	0.000	0.0	0.0	0.0	0.000000000000000000	0.000000000000000000	0.000000000000000000	0.000000000000000000
42131.50165469	133.30	133.24	224.400	0.585	14717.80	14707.14	0.000	74.60	0.000	135.90	0.00	0.000	125.50	0.000	0.000	0.0	0.0	0.0	0.000000000000000000	0.000000000000000000	0.000000000000000000	0.000000000000000000
42131.50188625	128.70	133.42	224.100	0.558	14718.50	14707.88	0.000	74.60	0.000	139.00	0.00	0.000	125.50	0.000	0.000	0.0	0.0	0.0	0.000000000000000000	0.000000000000000000	0.000000000000000000	0.000000000000000000
42131.50211778	134.20	133.14	223.900	0.562	14719.30	14708.62	0.000	74.60	0.000	142.70	0.00	0.000	125.80	0.000	0.000	0.0	0.0	0.0	0.000000000000000000	0.000000000000000000	0.000000000000000000	0.000000000000000000
42131.50234916	130.40	132.90	224.000	0.552	14720.00	14709.36	0.000	74.61	0.000	138.00	0.00	0.000	122.40	0.000	0.000	0.0	0.0	0.0	0.000000000000000000	0.000000000000000000	0.000000000000000000	0.000000000000000000
42131.50258069	136.80	132.81	224.400	0.533	14720.70	14710.09	0.000	74.61	0.000	137.40	0.00	0.000	124.60	0.000	0.000	0.0	0.0	0.0	0.000000000000000000	0.000000000000000000	0.000000000000000000	0.000000000000000000
42131.50281208	134.40	132.78	224.900	0.564	14721.50	14710.83	0.000	74.61	0.000	140.60	0.00	0.000	127.30	0.000	0.000	0.0	0.0	0.0	0.000000000000000000	0.000000000000000000	0.000000000000000000	0.000000000000000000
42131.50304363	131.30	132.62	224.900	0.539	14722.20	14711.56	0.000	74.61	0.000	134.80	0.00	0.000	122.70	0.000	0.000	0.0	0.0	0.0	0.000000000000000000	0.000000000000000000	0.000000000000000000	0.000000000000000000
42131.50327501	135.20	132.68	225.100	0.581	14722.90	14712.29	0.000	74.61	0.000	137.60	0.00	0.000	127.80	0.000	0.000	0.0	0.0	0.0	0.000000000000000000	0.000000000000000000	0.000000000000000000	0.000000000000000000
42131.50350656	142.40	132.96	225.100	0.570	14723.70	14713.03	0.000	74.61	0.000	142.50	0.00	0.000	127.60	0.000	0.000	0.0	0.0	0.0	0.000000000000000000	0.000000000000000000	0.000000000000000000	0.000000000000000000
42131.50373808	131.70	133.02	224.700	0.507	14724.40	14713.76	0.000	74.61	0.000	142.40	0.00	0.000	128.40	0.000	0.000	0.0	0.0	0.0	0.000000000000000000	0.000000000000000000	0.000000000000000000	0.000000000000000000
42131.50396959	127.00	133.05	224.100	0.548	14725.10	14714.50	0.000	74.61	0.000	137.20	0.00	0.000	123.50	0.000	0.000	0.0	0.0	0.0	0.000000000000000000	0.000000000000000000	0.000000000000000000	0.000000000000000000
42131.50420106	132.70	132.97	224.300	0.584	14725.80	14715.23	0.000	74.61	0.000	135.20	0.00	0.000	126.10	0.000	0.000	0.0	0.0	0.0	0.000000000000000000	0.000000000000000000	0.000000000000000000	0.000000000000000000
42131.50443244	124.40	132.19	225.200	0.502	14726.60	14715.96	0.000	74.61	0.000	138.60	0.00	0.000	121.60	0.000	0.000	0.0	0.0	0.0	0.000000000000000000	0.000000000000000000	0.000000000000000000	0.000000000000000000
42131.50466399	128.50	132.13	225.100	0.518	14727.30	14716.70	0.000	74.61	0.000	140.90	0.00	0.000	122.10	0.000	0.000	0.0	0.0	0.0	0.000000000000000000	0.000000000000000000	0.000000000000000000	0.000000000000000000
42131.50489537	136.50	132.03	224.700	0.583	14728.00	14717.43	0.000	74.61	0.000	138.40	0.00	0.000	122.90	0.000	0.000	0.0	0.0	0.0	0.000000000000000000	0.000000000000000000	0.000000000000000000	0.000000000000000000
42131.50512692	125.70	131.67	224.900	0.510	14728.70	14718.16	0.000	74.61	0.000	138.40	0.00	0.000	125.70	0.000	0.000	0.0	0.0	0.0	0.000000000000000000	0.000000000000000000	0.000000000000000000	0.000000000000000000
42131.50535830	113.70	131.28	224.600	0.533	14729.40	14718.89	0.000	74.61	0.000	126.90	0.00	0.000	113.70	0.000	0.000	0.0	0.0	0.0	0.000000000000000000	0.000000000000000000	0.000000000000000000	0.000000000000000000
42131.50558978	112.60	130.47	225.100	0.460	14730.00	14719.61	0.000	74.61	0.000	114.00	0.00	0.000	112.10	0.000	0.000	0.0	0.0	0.0	0.000000000000000000	0.000000000000000000	0.000000000000000000	0.000000000000000000
42131.50582116	112.80	129.72	225.200	0.456	14730.60	14720.33	0.000	74.61	0.000	113.30	0.00	0.000	112.30	0.000	0.000	0.0	0.0	0.0	0.000000000000000000	0.000000000000000000	0.000000000000000000	0.000000000000000000
42131.50605272	111.60	129.29	224.600	0.440	14731.20	14721.05	0.000	74.62	0.000	112.90	0.00	0.000	111.50	0.000	0.000	0.0	0.0	0.0	0.000000000000000000	0.000000000000000000	0.000000000000000000	0.000000000000000000
42131.50628407	112.50	128.70	224.400	0.444	14731.90	14721.76	0.000	74.62	0.000	123.30	0.00	0.000	111.50	0.000	0.000	0.0	0.0	0.0	0.000000000000000000	0.000000000000000000	0.000000000000000000	0.000000000000000000
42131.50651558	111.40	128.13	225.400	0.437	14732.50	14722.47	0.000	74.62	0.000	112.50	0.00	0.000	111.40	0.000	0.000	0.0	0.0	0.0	0.000000000000000000	0.000000000000000000	0.000000000000000000	0.000000000000000000
42131.50674707	112.30	127.51	225.200	0.478	14733.10	14723.18	0.000	74.62	0.000	112.30	0.00	0.000	111.10	0.000	0.000	0.0	0.0	0.0	0.000000000000000000	0.000000000000000000	0.000000000000000000	0.000000000000000000
42131.50697869	111.60	126.81	225.100	0.449	14733.70	14723.88	0.000	74.62	0.000	112.80	0.00	0.000	111.60	0.000	0.000	0.0	0.0	0.0	0.000000000000000000	0.000000000000000000	0.000000000000000000	0.000000000000000000
42131.50721025	112.20	126.28	224.300	0.439	14734.30	14724.57	0.000	74.62	0.000	112.20	0.00	0.000	111.60	0.000	0.000	0.0	0.0	0.0	0.000000000000000000	0.000000000000000000	0.000000000000000000	0.000000000000000000
42145.40634252	112.80	112.80	222.200	0.489	23.40	23.40	0.000	84.65	0.000	129.90	0.00	0.000	112.00	0.000	0.000	0.0	0.0	0.0	0.000000000000000000	0.000000000000000000	1.000000000000000000	0.000000000000000000
42145.40657402	121.10	116.95	221.800	0.512	24.00	23.70	0.000	84.59	0.000	122.00	0.00	0.000	112.70	0.000	0.000	0.0	0.0	0.0	0.000000000000000000	0.000000000000000000	0.000000000000000000	0.000000000000000000
42145.40680551	120.30	118.07	222.500	0.512	24.70	24.03	0.000	84.64	0.000	121.10	0.00	0.000	120.30	0.000	0.000	0.0	0.0	0.0	0.000000000000000000	0.000000000000000000	0.000000000000000000	0.000000000000000000
42145.40703693	120.10	118.57	222.200	0.515	25.40	24.38	0.000	84.68	0.000	120.40	0.00	0.000	119.90	0.000	0.000	0.0	0.0	0.0	0.000000000000000000	0.000000000000000000	0.000000000000000000	0.000000000000000000
42145.40726851	120.00	118.86	222.800	0.519	26.00	24.70	0.000	84.71	0.000	120.20	0.00	0.000	119.80	0.000	0.000	0.0	0.0	0.0	0.000000000000000000	0.000000000000000000	0.000000000000000000	0.000000000000000000
42145.40750003	120.00	119.05	222.100	0.512	26.70	25.03	0.000	84.75	0.000	120.00	0.00	0.000	119.80	0.000	0.000	0.0	0.0	0.0	0.000000000000000000	0.000000000000000000	0.000000000000000000	0.000000000000000000
42145.40773153	120.30	119.23	222.300	0.517	27.30	25.36	0.000	84.79	0.000	120.50	0.00	0.000	119.90	0.000	0.000	0.0	0.0	0.0	0.000000000000000000	0.000000000000000000	0.000000000000000000	0.000000000000000000
42145.40796284	120.30	119.36	221.400	0.537	28.00	25.69	0.000	84.83	0.000	120.70	0.00	0.000	120.00	0.000	0.000	0.0	0.0	0.0	0.000000000000000000	0.000000000000000000	0.000000000000000000	0.000000000000000000
42145.40819450	138.10	121.44	222.000	0.563	28.70	26.02	0.000	84.96	0.000	138.10	0.00	0.000	120.30	0.000	0.000	0.0	0.0	0.0	0.000000000000000000	0.000000000000000000	0.000000000000000000	0.000000000000000000
42145.40842600	146.80	123.98	221.300	0.599	29.50	26.37	0.000	85.27	0.000	146.80	0.00	0.000	130.00	0.000	0.000	0.0	0.0	0.0	0.000000000000000000	0.000000000000000000	0.000000000000000000	0.000000000000000000
42145.40865733	129.90	124.52	221.000	0.529	30.20	26.72	0.000	85.52	0.000	146.80	0.00	0.000	125.80	0.000	0.000	0.0	0.0	0.0	0.000000000000000000	0.000000000000000000	0.000000000000000000	0.000000000000000000
42145.40888863	139.70	125.78	221.800	0.562	31.00	27.07	0.000	85.76	0.000	139.70	0.00	0.000	129.40	0.000	0.000	0.0	0.0	0.0	0.000000000000000000	0.000000000000000000	0.000000000000000000	0.000000000000000000
42145.40912031	137.10	126.65	222.800	0.565	31.70	27.43	0.000	86.01	0.000	145.20	0.00	0.000	131.20	0.000	0.000	0.0	0.0	0.0	0.000000000000000000	0.000000000000000000	0.000000000000000000	0.000000000000000000
42145.40935162	136.30	127.34	222.600	0.598	32.50	27.79	0.000	86.23	0.000	138.70	0.00	0.000	131.10	0.000	0.000	0.0	0.0	0.0	0.000000000000000000	0.000000000000000000	0.000000000000000000	0.000000000000000000
42145.40958293	133.60	127.76	222.700	0.580	33.20	28.15	0.000	86.39	0.000	136.60	0.00	0.000	127.60	0.000	0.000	0.0	0.0	0.0	0.000000000000000000	0.000000000000000000	0.000000000000000000	0.000000000000000000
42145.40981459	132.00	128.02	222.700	0.544	33.90	28.51	0.000	86.58	0.000	141.90	0.00	0.000	130.50	0.000	0.000	0.0	0.0	0.0	0.000000000000000000	0.000000000000000000	0.000000000000000000	0.000000000000000000
42145.41004589	129.50	128.11	223.000	0.562	34.70	28.88	0.000	86.76	0.000	143.30	0.00	0.000	127.30	0.000	0.000	0.0	0.0	0.0	0.000000000000000000	0.000000000000000000	0.000000000000000000	0.000000000000000000
42145.41027737	141.60	128.86	223.000	0.551	35.40	29.24	0.000	86.95	0.000	141.80	0.00	0.000	127.60	0.000	0.000	0.0	0.0	0.0	0.000000000000000000	0.000000000000000000	0.000000000000000000	0.000000000000000000
42145.41050868	130.10	128.93	222.700	0.571	36.10	29.60	0.000	87.08	0.000	141.60	0.00	0.000	127.30	0.000	0.000	0.0	0.0	0.0	0.000000000000000000	0.000000000000000000	0.000000000000000000	0.000000000000000000
42145.41074015	133.20	129.14	222.800	0.587	36.90	29.96	0.000	87.22	0.000	133.20	0.00	0.000	129.10	0.000	0.000	0.0	0.0	0.0	0.000000000000000000	0.000000000000000000	0.000000000000000000	0.000000000000000000
42145.41097163	130.10	129.19	222.300	0.516	37.60	30.33	0.000	87.36	0.000	137.20	0.00	0.000	125.20	0.000	0.000	0.0	0.0	0.0	0.000000000000000000	0.000000000000000000	0.000000000000000000	0.000000000000000000
42145.41120299	131.20	129.28	221.800	0.599	38.40	30.70	0.000	87.53	0.000	142.40	0.00	0.000	124.20	0.000	0.000	0.0	0.0	0.0	0.000000000000000000	0.000000000000000000	0.000000000000000000	0.000000000000000000
42145.41143468	135.60	129.55	222.000	0.566	39.10	31.06	0.000	87.68	0.000	137.50	0.00	0.000	128.20	0.000	0.000	0.0	0.0	0.0	0.000000000000000000	0.000000000000000000	0.000000000000000000	0.000000000000000000
42145.41166601	134.40	129.75	221.800	0.543	39.80	31.42	0.000	87.82	0.000	136.70	0.00	0.000	124.60	0.000	0.000	0.0	0.0	0.0	0.000000000000000000	0.000000000000000000	0.000000000000000000	0.000000000000000000
42145.41189752	130.50	129.78	222.000	0.567	40.60	31.79	0.000	87.95	0.000	136.10	0.00	0.000	124.20	0.000	0.000	0.0	0.0	0.0	0.000000000000000000	0.000000000000000000	0.000000000000000000	0.000000000000000000
42145.41212884	136.80	130.05	222.300	0.530	41.30	32.16	0.000	88.08	0.000	139.50	0.00	0.000	125.70	0.000	0.000	0.0	0.0	0.0	0.000000000000000000	0.000000000000000000	0.000000000000000000	0.000000000000000000
42145.41236036	137.20	130.32	222.500	0.576	42.10	32.53	0.000	88.19	0.000	138.70	0.00	0.000	126.00	0.000	0.000	0.0	0.0	0.0	0.000000000000000000	0.000000000000000000	0.000000000000000000	0.000000000000000000
42145.41259169	126.40	130.18	222.600	0.537	42.80	32.89	0.000	88.31	0.000	140.00	0.00	0.000	125.20	0.000	0.000	0.0	0.0	0.0	0.000000000000000000	0.000000000000000000	0.000000000000000000	0.000000000000000000
42145.41282319	128.40	130.12	222.300	0.530	43.50	33.26	0.000	88.38	0.000	135.90	0.00	0.000	126.30	0.000	0.000	0.0	0.0	0.0	0.000000000000000000	0.000000000000000000	0.000000000000000000	0.000000000000000000
42145.41305453	127.30	130.02	222.200	0.525	44.20	33.62	0.000	88.48	0.000	137.70	0.00	0.000	127.30	0.000	0.000	0.0	0.0	0.0	0.000000000000000000	0.000000000000000000	0.000000000000000000	0.000000000000000000
42145.41328586	130.80	130.62	222.400	0.559	45.00	34.34	0.000	88.58	0.000	138.00	0.00	0.000	127.20	0.000	0.000	0.0	0.0	0.0	0.000000000000000000	0.000000000000000000	0.000000000000000000	0.000000000000000000
42145.41351718	133.80	131.05	222.100	0.536	45.70	35.07	0.000	88.66	0.000	137.70	0.00	0.000	124.30	0.000	0.000	0.0	0.0	0.0	0.000000000000000000	0.000000000000000000	0.000000000000000000	0.000000000000000000
42145.41374869	132.40	131.45	222.700	0.593	46.40	35.79	0.000	88.78	0.000	140.20	0.00	0.000	130.50	0.000	0.000	0.0	0.0	0.0	0.000000000000000000	0.000000000000000000	0.000000000000000000	0.000000000000000000
42145.41398002	133.90	131.91	222.900	0.601	47.20	36.52	0.000	88.86	0.000	141.80	0.00	0.000	125.70	0.000	0.000	0.0	0.0	0.0	0.000000000000000000	0.000000000000000000	0.000000000000000000	0.000000000000000000
42145.41421153	129.30	132.22	222.600	0.584	47.90	37.25	0.000	88.96	0.000	140.60	0.00	0.000	125.50	0.000	0.000	0.0	0.0	0.0	0.000000000000000000	0.000000000000000000	0.000000000000000000	0.000000000000000000
42145.41444286	134.50	132.70	222.200	0.578	48.70	37.98	0.000	89.07	0.000	139.90	0.00	0.000	125.80	0.000	0.000	0.0	0.0	0.0	0.000000000000000000	0.000000000000000000	0.000000000000000000	0.000000000000000000
42145.41467436	130.90	133.06	222.500	0.525	49.40	38.72	0.000	89.12	0.000	139.70	0.00	0.000	127.50	0.000	0.000	0.0	0.0	0.0	0.000000000000000000	0.000000000000000000	0.000000000000000000	0.000000000000000000
42145.41490569	123.20	133.15	222.200	0.545	50.10	39.45	0.000	89.18	0.000	138.30	0.00	0.000	123.20	0.000	0.000	0.0	0.0	0.0	0.000000000000000000	0.000000000000000000	0.000000000000000000	0.000000000000000000
42145.41513700	126.00	132.75	222.300	0.515	50.80	40.19	0.000	89.23	0.000	136.70	0.00	0.000	123.20	0.000	0.000	0.0	0.0	0.0	0.000000000000000000	0.000000000000000000	0.000000000000000000	0.000000000000000000
42145.41536848	133.90	132.32	222.500	0.565	51.50	40.92	0.000	89.30	0.000	136.10	0.00	0.000	123.80	0.000	0.000	0.0	0.0	0.0	0.000000000000000000	0.000000000000000000	0.000000000000000000	0.000000000000000000
42145.41559979	127.40	132.24	222.400	0.544	52.30	41.66	0.000	89.36	0.000	138.80	0.00	0.000	125.40	0.000	0.000	0.0	0.0	0.0	0.000000000000000000	0.000000000000000000	0.000000000000000000	0.000000000000000000
42145.41583110	132.30	131.99	222.700	0.531	53.00	42.39	0.000	89.40	0.000	139.60	0.00	0.000	122.40	0.000	0.000	0.0	0.0	0.0	0.000000000000000000	0.000000000000000000	0.000000000000000000	0.000000000000000000
42145.41606258	128.20	131.69	222.800	0.558	53.70	43.13	0.000	89.48	0.000	146.80	0.00	0.000	127.00	0.000	0.000	0.0	0.0	0.0	0.000000000000000000	0.000000000000000000	0.000000000000000000	0.000000000000000000
42145.41629389	126.20	131.36	222.700	0.577	54.40	43.86	0.000	89.54	0.000	136.70	0.00	0.000	123.90	0.000	0.000	0.0	0.0	0.0	0.000000000000000000	0.000000000000000000	0.000000000000000000	0.000000000000000000
42145.41652556	125.60	131.09	222.500	0.568	55.20	44.59	0.000	89.58	0.000	137.60	0.00	0.000	125.60	0.000	0.000	0.0	0.0	0.0	0.000000000000000000	0.000000000000000000	0.000000000000000000	0.000000000000000000
42145.41675686	128.20	130.96	222.500	0.521	55.90	45.32	0.000	89.63	0.000	139.00	0.00	0.000	125.10	0.000	0.000	0.0	0.0	0.0	0.000000000000000000	0.000000000000000000	0.000000000000000000	0.000000000000000000
42145.41698836	135.50	131.16	222.500	0.575	56.60	46.05	0.000	89.69	0.000	138.00	0.00	0.000	123.50	0.000	0.000	0.0	0.0	0.0	0.000000000000000000	0.000000000000000000	0.000000000000000000	0.000000000000000000
42145.41721966	124.00	130.58	222.400	0.577	57.30	46.78	0.000	89.73	0.000	135.70	0.00	0.000	123.60	0.000	0.000	0.0	0.0	0.0	0.000000000000000000	0.000000000000000000	0.000000000000000000	0.000000000000000000
42145.41745133	127.20	130.48	222.400	0.518	58.10	47.52	0.000	89.77	0.000	139.00	0.00	0.000	124.00	0.000	0.000	0.0	0.0	0.0	0.000000000000000000	0.000000000000000000	0.000000000000000000	0.000000000000000000
42145.41768281	132.50	130.46	222.200	0.587	58.80	48.25	0.000	89.82	0.000	133.90	0.00	0.000	126.50	0.000	0.000	0.0	0.0	0.0	0.000000000000000000	0.000000000000000000	0.000000000000000000	0.000000000000000000
42145.41791448	131.00	130.49	222.500	0.526	59.50	48.98	0.000	89.88	0.000	140.60	0.00	0.000	128.10	0.000	0.000	0.0	0.0	0.0	0.000000000000000000	0.000000000000000000	0.000000000000000000	0.000000000000000000
42145.41814597	137.20	130.69	222.300	0.560	60.20	49.70	0.000	89.91	0.000	137.20	0.00	0.000	124.60	0.000	0.000	0.0	0.0	0.0	0.000000000000000000	0.000000000000000000	0.000000000000000000	0.000000000000000000
42145.41837744	130.40	130.51	221.900	0.497	60.90	50.43	0.000	89.94	0.000	137.20	0.00	0.000	114.80	0.000	0.000	0.0	0.0	0.0	0.000000000000000000	0.000000000000000000	0.000000000000000000	0.000000000000000000
42145.41860892	111.70	129.76	222.000	0.482	61.60	51.16	0.000	89.84	0.000	130.40	0.00	0.000	111.70	0.000	0.000	0.0	0.0	0.0	0.000000000000000000	0.000000000000000000	0.000000000000000000	0.000000000000000000
42145.41884059	111.70	129.13	221.700	0.478	62.20	51.88	0.000	89.73	0.000	112.10	0.00	0.000	111.40	0.000	0.000	0.0	0.0	0.0	0.000000000000000000	0.000000000000000000	0.000000000000000000	0.000000000000000000
42145.41907189	112.70	128.33	221.000	0.479	62.80	52.59	0.000	89.64	0.000	112.80	0.00	0.000	111.70	0.000	0.000	0.0	0.0	0.0	0.000000000000000000	0.000000000000000000	0.000000000000000000	0.000000000000000000
42145.41930337	111.00	127.45	221.100	0.442	63.40	53.30	0.000	89.55	0.000	120.40	0.00	0.000	111.00	0.000	0.000	0.0	0.0	0.0	0.000000000000000000	0.000000000000000000	0.000000000000000000	0.000000000000000000
42145.41953485	113.80	127.03	221.400	0.489	64.10	54.01	0.000	89.47	0.000	113.80	0.00	0.000	111.00	0.000	0.000	0.0	0.0	0.0	0.000000000000000000	0.000000000000000000	0.000000000000000000	0.000000000000000000
42145.41976650	113.60	126.54	221.800	0.483	64.70	54.72	0.000	89.39	0.000	114.50	0.00	0.000	113.60	0.000	0.000	0.0	0.0	0.0	0.000000000000000000	0.000000000000000000	0.000000000000000000	0.000000000000000000